26486
27332
27017
27298
27370
27219
27403
27588
27967
28072
27460
26997
26857
25749
25568
27174
27174
27154
27204
26432
26876
25619
25619
25958
25735
24563
24634
23531
25195
25713
25874
25842
25899
26916
27214
27457
27318
27166
26105
27457
27901
27728
27788
27788
27288
25741
25893
25505
25400
25657
24803
24634
25020
25065
25290
24864
24880
24568
25271
25523
25523
25219
25172
24530
24272
24439
24215
24215
24215
24031
24031
24031
24031
24031
23730
23887
23511
23466
23455
23455
23455
23455
23455
23455
23323
23310
23310
23310
23096
23096
23115
23115
22698
22698
22698
22698
22698
22687
22272
21899
21899
21675
21570
21570
21570
21570
21570
21570
21570
21570
21570
21570
21543
21543
21543
21543
21543
21543
21445
21445
20770
20114
20114
20114
20114
20114
20077
20077
19896
19896
19896
19896
19896
19291
19291
19291
19291
18838
18838
18838
18593
17592
17592
17592
17592
17592
17592
17592
17534
17534
17534
17534
17276
17276
17276
17276
17043
17043
17043
17043
17043
17043
17043
17043
17043
17043
17043
17043
17043
17043
17043
17043
17043
17043
17023
17023
17023
17023
17023
17023
17023
17023
17023
16159
16159
16159
16159
16159
16159
16159
16159
16159
16159
16159
16083
16083
16083
16083
16083
16083
16083
16049
16049
16049
16049
16049
16049
16049
16049
16049
16049
16049
16049
16049
16049
16049
16049
16049
15749
15749
15749
15749
15746
15731
15731
15731
15731
15208
15190
14511
14511
14511
14511
14495
14495
14495
14486
14486
14486
14486
14480
14480
14480
14480
14480
14480
14480
14480
14480
14480
14480
14480
14480
14480
14480
14480
14480
13973
13973
13973
13973
13973
13973
13973
13973
13973
13973
13973
13973
13973
13973
13896
13896
13798
13798
13798
13798
13798
13798
13798
13798
13798
13798
13798
13777
13777
13777
13677
13677
13677
13662
13662
13662
13662
13662
13662
13662
13662
13662
13662
13662
13662
13438
13438
13438
13438
13438
13438
12562
12562
12562
12371
12371
12371
12371
12371
12371
12371
12371
12371
12371
12371
12371
12371
12371
12371
12371
12371
12371
12371
12371
12371
12371
12371
12226
12161
12161
12161
12161
12161
12130
12130
12130
12130
12130
12130
12130
12130
12130
12130
12130
12130
12130
12130
12130
12130
12130
12130
12108
12108
12108
12089
11840
11840
11840
11840
11840
11840
11806
11806
11806
11806
11680
11680
11680
11680
11680
11680
11680
11680
11680
11680
11680
11680
11680
11680
11680
11680
11680
11680
11680
11680
11680
11680
11680
11680
11680
11680
11680
11680
11680
11680
11680
11680
11680
11680
11680
11680
11680
11680
11680
11680
11680
11680
11680
11680
11680
11680
11680
11510
11510
11510
11510
11510
11510
11510
11510
11510
11510
11510
11510
11510
11510
11510
11510
11510
11510
11510
11510
11510
11510
11510
11510
11510
11510
11510
11510
11510
11510
11510
11510
11510
11510
11510
11510
11510
11510
11437
11437
11437
11437
11437
11437
11437
11437
11431
11397
11397
11397
11397
11397
11397
11397
11386
11386
11386
11386
11386
11386
11386
11386
11386
11386
11000
11000
11000
11000
11000
11000
11000
11000
11000
11000
11000
11000
11000
11000
11000
11000
11000
11000
11000
11000
10557
10557
10557
10557
10557
10557
10557
10557
10557
10557
10557
10557
10557
10557
10557
10557
10557
10557
10557
10557
10557
10557
10557
10557
10557
10557
10557
10557
10557
10557
10557
10557
10557
10341
10341
10341
10341
10341
10292
10292
10292
10292
10292
10292
10292
10234
10234
10234
10234
10234
10234
10234
10234
10234
9759
9759
9759
9759
9759
9759
9759
9759
9759
9759
9759
9759
9759
9759
9759
9759
9759
9759
9759
9759
9759
9759
9759
9759
9759
9759
9759
9759
9168
9168
9168
9168
9168
9168
9168
9168
9168
9168
9168
9168
9168
9168
9168
9168
9168
9168
9168
9168
9168
9168
9168
9168
9168
9168
9168
9168
9168
9168
9168
9168
9168
9168
9168
9168
9168
9168
9168
9168
9168
9168
9168
9168
9168
9168
9168
9168
9168
9168
9168
9168
9168
9168
9168
9168
9168
9168
9168
9168
9168
9168
9168
9168
9162
9162
9162
9162
9162
9162
9162
9162
9162
9162
9162
9162
9162
9162
9162
9162
9162
9162
9162
9162
9162
9162
9162
9162
9162
9162
9162
9162
9118
9118
8902
8902
8902
8902
8902
8902
8902
8902
8902
8902
8902
8902
8902
8902
8902
8902
8902
8902
8902
8902
8902
8902
8902
8902
8902
8894
8894
8894
8894
8890
8890
8890
8890
8890
8890
8890
8890
8890
8890
8890
8890
8890
8890
8890
8890
8890
8890
8890
8890
8890
8890
8890
8890
8890
8890
8890
8890
8890
8890
8890
8890
8890
8565
8565
8565
8565
8565
8565
8565
8565
8565
8565
7873
7873
7873
7873
7873
7873
7873
7873
7873
7873
7873
7873
7873
7873
7873
7873
7873
7873
7873
7873
7873
7873
7873
7873
7873
7873
7873
7873
7873
7873
7873
7873
7873
7873
7873
7873
7873
7873
7873
7873
7873
7873
7873
7873
7873
7873
7873
7873
7873
7873
7873
7873
7873
7873
7873
7873
7873
7873
7873
7873
7873
7873
7873
7873
7873
7873
7873
7873
7873
7873
7873
7873
7873
7873
7873
7873
7873
7873
7873
7873
7873
7873
7873
7873
7873
7873
7873
7873
7873
7873
7873
7873
7873
7873
7873
7873
7873
7873
7873
7873
7873
7873
7873
7873
7873
7873
7873
7873
7873
7873
7873
7873
7873
7873
7873
7873
7873
7873
7873
7873
7873
7873
7873
7873
7873
7873
7873
7873
7873
7873
7873
7873
7873
7873
7873
7873
7873
7873
7873
7873
7873
7873
7873
7873
7873
7873
7873
7873
7873
7873
7854
7854
7854
7854
7854
7854
7854
7854
7854
7854
7854
7854
7854
7854
7854
7854
7854
7854
7854
7854
7854
7854
7854
7854
7854
7854
7854
7854
7854
7854
7854
7854
7854
7854
7854
7854
7854
7854
7854
7854
7854
7854
7854
7854
7854
7854
7854
7854
7854
7854
7854
7854
7854
7854
7854
7854
7854
7854
7854
7854
7854
7803
7803
7803
7803
7803
7803
7803
7803
7803
7803
7803
7803
7803
7803
7803
7803
7803
7803
7803
7803
7803
7803
7803
7803
7803
7803
7803
7803
7803
7803
7803
7803
7803
7803
7803
7803
7803
7803
7803
7803
7803
7803
7803
7803
7803
7803
7803
7803
7803
7803
7803
7803
7803
7803
7803
7803
7803
7803
7803
7761
7761
7761
7761
7761
7761
7761
7761
7761
7761
7761
7761
7761
7761
7761
7761
7761
7761
7761
7761
7761
7761
7761
7761
7761
7761
7761
7761
7550
7550
7550
7550
7550
7550
7550
7550
7550
7550
7550
7550
7550
7550
7550
7550
7550
7550
7550
7550
7550
7550
7550
7550
7550
7550
7550
7550
7550
7550
7550
7550
7550
7550
7550
7550
7550
7550
7550
7550
7550
7550
7550
7550
7550
7550
7550
7550
7550
7550
7550
7550
7550
7550
7550
7550
7550
7550
7550
7550
7550
7550
7550
7550
7550
7550
7550
7550
7550
7550
7550
7550
7550
7550
7334
7334
7334
7334
7334
7334
7334
7334
7334
7334
7334
7334
7334
7334
7334
7334
7334
7334
7334
7334
7334
7334
7334
7334
7334
7334
7334
7334
7334
7334
7334
7334
7334
7334
7334
7334
7334
7334
7334
7334
7334
7334
7334
7334
7334
7334
7334
7334
7334
7334
7334
7334
7334
7334
7334
7334
7334
7334
7334
7334
7334
7334
7334
7334
7334
7334
7334
7334
7334
7334
7334
7334
7334
7334
7334
7334
7334
7334
7334
7334
7334
7334
7334
7334
7334
7334
7334
7334
7334
7334
7334
7334
7334
7334
7334
7334
7334
7334
7334
7334
7334
7334
7334
7334
7334
7334
7334
7334
7334
7334
7334
7334
7334
7334
7334
7334
7334
7334
7334
7334
7334
7334
7334
7334
7334
7334
7334
7204
7204
7204
7204
7204
7204
7204
7204
7204
7204
7204
7204
7204
7204
7204
7204
7204
7204
7204
7204
7204
7204
7204
7204
7204
7204
7204
7204
7204
7204
7204
7204
7204
7204
7204
7204
7204
7204
7204
7204
7204
7204
7204
7204
7204
7204
7204
7204
7204
7204
7204
7204
7204
7204
7204
7204
7204
7204
7204
7204
7204
7204
7204
7203
7203
7203
7203
7203
7203
7203
7203
7203
7203
7203
7203
7203
7203
7203
7203
7203
7203
7203
7203
7203
7203
7203
7203
7203
7203
7203
7203
7203
7203
7203
7203
7203
7203
7203
7203
7203
7203
7203
7203
7203
7203
7203
7203
7203
7203
7203
7203
7203
7203
7203
7203
7203
7203
7203
7203
7203
7203
7203
7203
7203
7203
7203
7203
7203
7203
7203
7203
7203
7203
7203
7203
7203
7203
7203
7203
7203
7203
7203
7203
7203
7203
7203
7203
7203
7203
7203
7203
7203
7203
7203
7203
7203
7203
7203
7203
7203
7203
7203
7203
7203
7203
7203
7203
7203
7203
7203
7203
7203
7203
7203
7203
7203
7203
7203
7203
7203
7203
7203
7203
7203
7203
7203
7203
7203
7203
7203
7203
7203
7203
7203
7203
7203
7203
7203
7203
7203
7203
7203
7203
7203
7203
7203
7203
7203
7203
7203
7203
7203
7203
7203
7203
7203
7203
7203
7203
7203
7203
7203
7203
7203
7203
7203
7203
7203
7203
7203
7203
7203
7203
7203
7203
7203
7203
7203
7203
7203
7203
7203
7203
7203
7203
7203
7203
7203
7203
7203
7203
7203
7203
7203
7203
7203
7203
7203
7203
7203
7203
7203
7203
7203
7203
7203
7203
7203
7203
7203
7203
7203
7203
7203
7203
7203
7203
7203
7203
7203
7203
7203
7203
7203
7203
7203
7203
7203
7203
7203
7203
7203
7203
7203
7203
7203
7203
7203
7203
7203
7203
7203
7203
7203
7203
7203
7203
7203
7203
7203
7203
7203
7203
7203
7203
7203
7203
7203
7203
7203
7203
7203
7203
7203
7203
7203
7203
7203
7203
7203
7203
7203
7203
7203
7203
7203
7203
7203
7203
7203
7203
7203
7203
7203
7203
7203
7203
7203
7203
7203
7203
7203
7203
7203
7203
7203
7203
7203
7203
7203
7203
7203
7203
7203
7203
7203
7203
7203
7203
7203
7203
7203
7203
7203
7203
7203
7203
7203
7203
7203
7203
7203
7203
7203
7203
7203
7203
7203
7203
7203
7203
7203
7203
7203
7203
7203
7203
7203
7203
7203
7203
7203
7203
7203
7203
7203
7203
7203
7203
7203
7203
7203
7203
7203
7203
7203
7203
7203
7203
7203
7203
7203
7203
7203
7203
7203
7203
7203
7203
7203
7203
7203
7203
7203
7203
7203
7203
7203
7203
7203
7203
7203
7203
7203
7203
7203
7203
7203
7203
7203
7203
7203
7203
7203
7203
7203
7203
7203
7203
7203
7203
7203
7203
7203
7203
7203
7203
7203
7203
7203
7203
7203
7203
7203
7203
7203
7203
7203
7203
7203
7203
7203
7203
7203
7203
7203
7203
7203
7203
7203
7203
7203
7203
7203
7203
7203
7203
7203
7203
7203
7203
7203
7203
7203
7203
7203
7203
7203
7203
7203
7203
7203
7203
7203
7203
7203
7203
7203
7203
7203
7203
7203
7203
7203
7203
7203
7203
7203
7203
7203
7203
7203
7203
7203
7203
7203
7203
7203
7203
7203
7203
7203
7203
7203
7203
7203
7203
7203
7203
7203
7203
7203
7203
7203
7203
7203
7203
7203
7203
7203
7203
7203
7203
7203
7203
7203
7203
7203
7203
7203
7203
7203
7203
7203
7203
7203
7203
7203
7203
7203
7203
7203
7203
7203
7203
7203
7203
7203
7203
7203
7203
7203
7203
7203
7203
7203
7203
7203
7203
7203
7203
7203
7203
7203
7203
7203
7125
7125
7125
7125
7125
7125
7125
7125
7125
7125
7125
7125
7125
7125
7125
7125
7125
7125
7125
7125
7125
7125
7125
7125
7125
7125
7125
7125
7125
7125
7125
7125
7125
7125
7125
7125
7125
7125
7125
7125
7125
7125
7125
7125
7125
7125
7125
7125
7125
7125
7125
7125
7125
7125
7125
7125
7125
7125
7125
7125
7125
7125
7125
7125
7125
7125
7125
7125
7125
7125
7125
7125
7125
7125
7125
7125
7125
7125
7125
7125
7125
7125
7125
7125
7125
7125
7125
7125
7125
7125
7125
7125
7125
7125
7125
7125
7125
7125
7125
7125
7125
7125
7125
7125
7125
7125
7125
7125
7125
7125
7125
7125
7125
7125
7125
7125
7125
7125
7125
7125
7125
7125
7125
7125
7125
7125
7125
7125
7125
7125
7125
7125
7125
7125
7125
7125
7125
7125
7125
7125
7125
7125
7125
7125
7125
7125
7125
7125
7125
7125
7125
7125
7125
7125
7125
7125
7125
7125
7125
7125
7125
7125
7125
7125
7125
7125
7125
7125
7125
7125
7125
7125
7125
7125
7125
7125
7125
7125
7125
7125
7125
7125
7125
7125
7125
7125
7125
7125
7125
7125
7125
7125
7125
7125
7125
7125
7125
7125
7125
7125
7125
7125
7125
7125
7125
7125
7125
7125
7125
7125
7125
7125
7125
7125
7125
7125
7125
7125
7125
7125
7125
7125
7125
7125
7125
7125
7125
7125
7125
7125
7125
7125
7125
7125
7125
7125
7125
7125
7125
7125
7125
7125
7125
7125
7125
7125
7125
7125
7125
7125
7125
7125
7125
7125
7125
7125
7125
7125
7125
7125
7125
7125
7125
7125
7125
7125
7125
7125
7125
7125
7125
7125
7125
7125
7125
7125
7125
7125
7125
7125
7125
7125
7125
7125
7125
7125
7125
7125
7125
7125
7125
7125
7107
7107
7107
7107
7107
7107
7107
7107
7107
7107
7107
7107
7107
7107
7107
7107
7107
7107
7107
7107
7107
7107
7107
7107
7107
7107
7107
7107
7107
7107
7107
7107
7107
7107
7107
7107
7107
7107
7107
7107
7107
7107
7107
7107
7107
7107
7107
7107
7107
7107
7107
7107
7107
7107
7107
7107
7107
7107
7107
7107
7107
7107
7107
7107
7107
7107
7107
7107
7107
7107
7107
7107
7107
7107
7107
7107
7107
7107
7107
7107
7107
7107
7107
7107
7107
7107
7107
7107
7107
7107
7107
7107
7107
7107
7107
7107
7107
7107
7107
7107
7107
7107
7107
7107
7107
7107
7107
7107
7107
7107
7107
7107
7107
7107
7107
7107
7107
7107
7107
7107
7107
7107
7107
7107
7107
7107
7107
7107
7107
7107
7107
7107
7107
7107
7107
7107
7107
7107
7107
7107
7107
7107
7107
7107
7107
7107
7107
7107
7107
7107
7107
7107
7107
7107
7107
7107
7107
7107
7107
7107
7107
7107
7107
7107
7107
7107
7107
7107
7107
7107
7107
7107
7107
7107
7107
7107
7107
7107
7107
7107
7107
7107
7107
7107
7107
7107
7107
7107
7107
7107
7107
7107
7107
7107
7107
7107
7107
7107
7107
7107
7107
7107
7107
7107
7107
7107
7107
7107
7107
7107
7107
7107
7107
7107
7107
7107
7107
7107
7107
7107
7107
7107
7107
7107
7107
7107
7107
7107
7107
7107
7107
7107
7107
7107
7107
7107
7107
7107
7107
7107
7107
7107
7107
7107
7107
7107
7107
7107
7107
7107
7107
7107
7107
7107
7107
7107
7107
7107
7107
7107
7107
7107
7107
7107
7107
7107
7107
7107
7107
7107
7107
7107
7107
7107
7107
7107
7107
7107
7107
7107
7107
7107
7107
7107
7107
7107
7107
7107
7107
7107
7107
7107
7107
7107
7107
7107
7107
7107
7107
7107
7107
7107
7107
7107
7107
7107
7107
7107
7107
7107
7107
7107
7107
7107
7107
7107
7107
7107
7107
7107
7107
7107
7107
7107
7107
7107
7107
7107
7107
7107
7107
7107
7107
7107
7107
7107
7107
7107
7107
7107
7107
7107
7107
7107
7107
7107
7107
7107
7107
7107
7107
7107
7107
7107
7107
7107
7107
7107
7107
7107
7107
7107
7107
7107
7107
7107
7107
7107
7107
7107
7107
7107
7107
7107
7107
7107
7107
7107
7107
7107
7107
7107
7107
7107
7107
7107
7107
7107
7107
7107
7107
7107
7107
7107
7107
7107
7107
7107
7107
7107
7107
7107
7107
7107
7107
7107
7107
7107
7107
7107
7107
7107
7107
7107
7107
7107
7107
7107
7107
7107
7107
7107
7107
7107
7107
7107
7107
7107
7107
7107
7107
7107
7107
7107
7107
7107
7107
7107
7107
7107
7107
7107
7107
7107
7107
7107
7107
7107
7107
7107
7107
7107
7107
7107
7107
7107
7107
7107
7107
7107
7107
7107
7107
7107
7107
7107
7107
7107
7107
7107
7107
7107
7107
7107
7107
7107
7107
7107
7107
7107
7107
7107
7107
7107
7107
7107
7107
7107
7107
7107
7107
7107
7107
7107
7107
7107
7107
7107
7107
7107
7107
7107
7107
7107
7107
7107
7107
7107
7107
7107
7107
7107
7107
7107
7107
7107
7107
7107
7107
7107
7107
7107
7107
7107
7107
7107
7107
7107
7107
7107
7107
7107
7107
7107
7107
7107
7107
7107
7107
7107
7107
7107
7107
7107
7107
7107
7107
7107
7107
7107
7107
7107
7107
7107
7107
7107
7107
7107
7107
7107
7107
7107
7107
7107
7107
7107
7107
7107
7107
7107
7107
7107
7107
7107
7107
7107
7107
7107
7107
7107
7107
7107
7042
7042
7042
7042
7042
7042
7042
7042
7042
7042
7042
7042
7042
7042
7042
7042
7042
7042
7042
7042
7042
7042
7042
7042
7042
7042
7042
7042
7042
7042
7042
7042
7042
7042
7029
7029
7029
7029
7029
7029
7029
7029
7029
7029
7029
7029
7029
7029
7029
7029
7029
7029
7029
7029
7029
7029
7029
7029
7029
7029
7029
7029
7029
7029
7029
7029
7029
7029
7029
7029
7029
7029
7029
7029
7029
7029
7029
7029
7029
7029
7029
7029
7029
7029
7029
7029
7029
7029
7029
7029
7029
7029
7029
7029
7029
7029
7029
7029
7029
7029
7029
7029
7029
7029
7029
7029
7029
7029
7029
7029
7029
7029
7029
7029
7029
7029
7029
7029
7029
7029
7029
7029
7029
7029
7029
7029
7029
7029
7029
7029
7029
7029
7029
7029
7029
7029
7029
7029
7029
7029
7029
7029
7029
7029
7029
7029
7029
7029
7029
7029
7029
7029
7029
7029
7029
7029
7029
7029
7029
7029
7029
7029
7029
7029
7029
7029
7029
7029
7029
7029
7029
7029
7029
7029
7029
7029
7029
7029
7029
7029
7029
7029
7029
7029
7029
7029
7029
7029
7029
7029
7029
7029
7029
7029
7029
7029
7029
7029
7029
7029
7029
7029
7029
7029
7029
7029
7029
7029
7029
7029
7029
7029
7029
7029
7029
7029
7029
7029
7029
7029
7029
7029
7029
7029
7029
7029
7029
7029
7029
7029
7029
7029
7029
7029
7029
7029
7029
7029
7029
7029
7029
7029
7029
7029
7029
7029
7029
7029
7029
7029
7029
7029
7029
7029
7029
7029
7029
7029
7029
7029
7029
7029
7029
7029
7027
7027
7027
7027
7027
7027
7027
7027
7027
7027
7027
7027
7027
7027
7027
7027
7027
7027
7027
7027
7027
7027
7027
7027
7027
7027
7027
7027
7027
7027
7027
7027
7027
7027
7027
7027
7027
7027
7027
7027
7027
7027
7027
7027
7027
7027
7027
7027
7027
7027
7027
7027
7027
7027
7027
7027
7027
7027
7027
7027
7027
7027
7027
7027
7027
7027
7027
7027
7027
7027
7027
7027
7027
7027
7027
7027
7027
7027
7027
7027
7027
7027
7027
7027
7027
7027
7027
7027
7027
7027
7027
7027
7027
7027
7027
7027
7027
7027
7027
7027
7027
7027
7027
7027
7027
7027
7027
7027
7027
7027
7027
7027
7027
7027
7027
7027
7027
7027
7027
7027
7027
7027
7027
7027
7027
7027
7027
7027
7027
7027
7027
7027
7027
7027
7027
7027
7027
7027
7027
7027
7027
7027
7027
7027
7027
7027
7027
7027
7027
7027
7027
7027
7027
7027
7027
7027
7027
7027
7027
7027
7027
7027
7027
7027
7027
7027
7027
7027
7027
7027
7027
7027
7027
7027
7027
7027
7027
7027
7027
7027
7027
7027
7027
7027
7027
7027
7027
7027
7027
7027
7027
7027
7027
7027
7027
7027
7027
7027
7027
7027
7027
7027
7027
7027
7027
7027
7027
7027
7027
7027
7027
7027
7027
7027
7027
7027
7027
7027
7027
7027
7027
7027
7027
7027
7027
7027
7027
7027
7027
7027
7027
7027
7027
7027
7027
7027
7027
7027
7027
7027
7027
7027
7027
7027
7027
7027
7027
7027
7027
7027
7027
7027
7027
7027
7027
7027
7027
7027
7027
7027
7027
7027
7027
7027
7027
7027
7027
7027
7027
7027
7027
7027
7027
7027
7027
7027
7027
7027
7027
7027
7027
7027
7027
7027
7027
7027
7027
7027
7027
7027
7027
7027
7027
7027
7027
7027
7027
7027
7027
7027
7027
7027
7027
7027
7027
7027
7027
7027
7027
7027
7027
7027
7027
7027
7027
7027
7027
7027
7027
7027
7027
7027
7027
7027
7027
7027
7027
7027
7027
7027
7027
7027
7027
7027
7027
7027
7027
7027
7027
7027
7027
7027
7027
7027
7027
7027
7027
7027
7027
7027
7027
7027
7027
7027
7027
7027
7027
7027
7027
7027
7027
7027
7027
7027
7027
7027
7027
7027
7027
7027
7027
7027
7027
7027
7027
7027
7027
7027
7027
7027
7027
7027
7027
7027
7027
7027
7027
7027
7027
7027
7027
7027
7027
7027
7027
7027
7027
7027
7027
7027
7027
7027
7027
7027
7027
7027
7027
7027
7027
7027
7027
7027
7027
7027
7027
7027
7027
7027
7027
7027
7027
7027
7027
7027
7027
7027
7027
7027
7027
7027
7027
7027
7027
7027
7027
7027
7027
7027
7027
7027
7027
7027
7027
7027
7027
7027
7027
7027
7027
7027
7027
7027
7027
7027
7027
7027
7027
7027
7027
7027
7027
7027
7027
7027
7027
7027
7027
7027
7027
7027
7027
7027
7027
7027
7027
7027
7027
7027
7027
7027
7027
7027
7027
7027
7027
7027
7027
7027
7027
7027
7027
7027
7027
7027
7027
7027
7027
7027
7027
7027
7027
7027
7027
7027
7027
7027
7027
7027
7027
7027
7027
7027
7027
7027
7027
7027
7027
7027
7027
7027
7027
7027
7027
7027
7027
7027
7027
7027
7027
7027
7027
7027
7027
7027
7027
7027
7027
7027
7027
7027
7027
7027
7027
7027
7027
7027
7027
7027
7027
7027
7027
7027
7027
7027
7027
7027
7027
7027
7027
7027
7027
7027
7027
7027
7027
7027
7027
7027
7027
7027
7027
7027
7027
7027
7027
7027
7027
7027
7027
7027
7027
7027
7027
7027
7027
7027
7027
7027
7027
7027
7027
7027
7027
7027
7027
7027
7027
7027
7027
7027
7027
7027
7027
7027
7027
7027
7027
7027
7027
7027
7027
7027
7027
7027
7027
7027
7027
7027
7027
7027
7027
7027
7027
7027
7027
7027
7027
7027
7027
7027
7027
7027
7027
7027
7027
7027
7027
7027
7027
7027
7027
7027
7027
7027
7027
7027
7027
7027
7027
7027
7027
7027
7027
7027
7027
7027
7027
7027
7027
7027
7027
7027
7027
7027
7027
7027
7027
7027
7027
7027
7027
7027
7027
7027
7027
7027
7027
7027
7027
7027
7027
7027
7027
7027
7027
7027
7027
7027
7027
7027
7027
7027
7027
7027
7027
7027
7027
7024
7024
7024
7024
7024
7024
7024
7024
7024
7024
7024
7024
7024
7024
7024
7024
7024
7024
7024
7024
7024
7024
7024
7024
7024
7024
7024
7024
7024
7024
7024
7024
7024
7024
7024
7024
7024
7024
7024
7024
7024
7024
7024
7024
7024
7024
7024
7024
7024
7024
7024
7024
7024
7024
7024
7024
7024
7024
7024
7024
7024
7024
7024
7024
7024
7024
7024
7024
7024
7024
7024
7024
7024
7024
7024
7024
7024
7024
7024
7024
7024
7024
7024
7024
7024
7024
7024
7024
7024
7024
7024
7024
7024
7024
7024
7024
7024
7024
7024
7024
7024
7024
7024
7024
7024
7024
7024
7024
7024
7024
7024
7024
7024
7024
7024
7024
7024
7024
7024
7024
7024
7024
7024
7024
7024
7024
7024
7024
7024
7024
7024
7024
7024
7024
7024
7024
7024
7024
7024
7024
7024
7024
7024
7024
7024
7024
7024
7024
7024
7024
7024
7024
7024
7024
7024
7024
7024
7024
7024
7024
7024
7024
7024
7024
7024
7024
7024
7024
7024
7024
7024
7024
7024
7024
7024
7024
7024
7024
7024
7024
7024
7024
7024
7024
7024
7024
7024
7024
7024
7024
7024
7024
7024
7024
7024
7024
7024
7024
7024
7024
7024
7024
7024
7024
7024
7024
7024
7024
7024
7024
7024
7024
7024
7024
7024
7024
7023
7023
7023
7023
7023
7023
7023
7023
7023
7023
7023
7023
7023
7023
7023
7023
7023
7023
7023
7023
7023
7023
7023
7023
7023
7023
7023
7023
7023
7023
7023
7023
7023
7023
7023
7023
7023
7023
7023
7023
7023
7023
7023
7023
7023
7023
7023
7023
7023
7023
7023
7023
7023
7023
7023
7023
7023
7023
7023
7023
7023
7023
7023
7023
7023
7023
7023
7023
7023
7023
7023
7023
7023
7023
7023
7023
7023
7023
7023
7023
7023
7023
7023
7023
7023
7023
7023
7023
7023
7023
7023
7023
7023
6998
6998
6998
6998
6998
6998
6998
6998
6998
6998
6998
6998
6998
6998
6998
6998
6998
6998
6998
6998
6998
6998
6998
6998
6998
6998
6998
6998
6998
6998
6998
6998
6998
6998
6998
6998
6998
6998
6998
6998
6998
6998
6998
6998
6998
6998
6998
6998
6998
6998
6998
6998
6998
6998
6998
6998
6998
6998
6998
6998
6998
6998
6998
6998
6998
6998
6998
6998
6998
6998
6998
6998
6998
6998
6998
6998
6998
6998
6998
6998
6998
6998
6998
6998
6998
6998
6998
6998
6998
6998
6998
6998
6998
6998
6998
6998
6998
6998
6998
6998
6998
6998
6998
6998
6998
6998
6998
6998
6998
6998
6998
6998
6998
6998
6998
6998
6998
6998
6998
6998
6998
6998
6998
6998
6998
6998
6998
6998
6998
6998
6998
6998
6998
6998
6998
6998
6998
6998
6998
6998
6998
6998
6998
6998
6998
6998
6998
6998
6998
6998
6998
6998
6998
6998
6998
6998
6998
6998
6998
6998
6998
6998
6998
6998
6998
6998
6998
6998
6998
6998
6998
6998
6998
6998
6998
6998
6998
6998
6998
6998
6998
6998
6998
6998
6998
6998
6998
6998
6998
6998
6998
6998
6998
6998
6998
6998
6998
6998
6998
6998
6998
6998
6998
6998
6998
6998
6998
6998
6998
6998
6998
6998
6998
6998
6998
6998
6998
6998
6998
6998
6998
6998
6998
6998
6998
6998
6998
6998
6998
6998
6998
6998
6998
6998
6998
6998
6998
6998
6998
6998
6998
6998
6998
6998
6998
6998
6998
6998
6998
6998
6998
6998
6998
6998
6998
6998
6998
6998
6998
6998
6998
6998
6998
6998
6998
6998
6998
6998
6998
6998
6998
6998
6998
6998
6998
6998
6998
6998
6998
6998
6998
6998
6998
6998
6998
6998
6998
6998
6998
6998
6998
6998
6998
6998
6998
6998
6998
6998
6998
6998
6998
6998
6998
6998
6998
6998
6998
6998
6998
6998
6998
6998
6998
6998
6998
6998
6998
6998
6998
6998
6998
6998
6998
6998
6998
6998
6998
6998
6998
6998
6998
6998
6998
6998
6998
6998
6998
6998
6998
6998
6998
6998
6998
6998
6998
6998
6998
6998
6998
6998
6998
6998
6998
6998
6998
6998
6998
6998
6998
6998
6998
6998
6998
6998
6998
6998
6998
6998
6998
6998
6998
6998
6998
6998
6998
6998
6998
6998
6998
6998
6998
6998
6998
6998
6998
6998
6998
6998
6998
6998
6998
6998
6998
6998
6998
6998
6998
6998
6998
6998
6998
6998
6998
6998
6998
6998
6998
6998
6998
6998
6998
6998
6998
6998
6998
6998
6998
6998
6998
6998
6998
6998
6998
6998
6998
6998
6998
6998
6998
6998
6998
6998
6998
6998
6998
6998
6998
6998
6998
6998
6998
6998
6998
6998
6998
6998
6998
6998
6998
6998
6998
6998
6998
6998
6998
6998
6998
6998
6998
6998
6998
6998
6998
6998
6998
6998
6998
6998
6998
6998
6998
6998
6998
6998
6998
6998
6998
6998
6998
6998
6998
6998
6998
6998
6998
6998
6998
6998
6998
6998
6998
6998
6998
6998
6998
6998
6998
6998
6998
6998
6998
6998
6998
6998
6998
6998
6998
6998
6998
6998
6998
6998
6998
6998
6998
6998
6998
6998
6998
6998
6998
6998
6998
6998
6998
6998
6998
6998
6998
6998
6998
6998
6998
6998
6998
6998
6998
6998
6998
6998
6998
6998
6998
6998
6998
6998
6998
6998
6998
6998
6998
6998
6998
6998
6998
6998
6998
6998
6998
6998
6998
6998
6998
6998
6998
6998
6998
6998
6998
6998
6998
6998
6998
6998
6998
6998
6998
6998
6998
6998
6998
6998
6998
6998
6998
6998
6998
6998
6998
6998
6998
6998
6998
6998
6998
6998
6998
6998
6998
6998
6998
6998
6998
6998
6998
6998
6998
6998
6998
6998
6998
6998
6998
6998
6998
6998
6998
6998
6998
6998
6998
6998
6998
6998
6998
6998
6998
6998
6998
6998
6998
6998
6998
6998
6998
6998
6998
6998
6998
6998
6998
6998
6998
6998
6998
6998
6998
6998
6998
6998
6998
6998
6998
6998
6998
6998
6998
6998
6998
6998
6998
6998
6998
6998
6998
6998
6998
6998
6998
6998
6998
6998
6998
6998
6998
6998
6998
6998
6998
6998
6998
6998
6998
6998
6998
6998
6998
6998
6998
6998
6998
6998
6998
6998
6998
6998
6998
6998
6998
6998
6998
6998
6998
6998
6998
6998
6998
6998
6998
6998
6998
6998
6998
6998
6998
6998
6998
6998
6998
6998
6998
6998
6998
6998
6998
6998
6998
6998
6998
6998
6998
6998
6998
6998
6998
6998
6998
6998
6998
6998
6998
6998
6998
6998
6998
6998
6998
6998
6998
6998
6998
6998
6998
6998
6998
6998
6998
6998
6998
6998
6998
6998
6998
6998
6998
6998
6998
6998
6998
6998
6998
6998
6998
6998
6998
6998
6998
6998
6998
6998
6998
6998
6998
6998
6998
6998
6998
6998
6998
6998
6998
6998
6998
6998
6998
6998
6998
6998
6998
6998
6998
6998
6998
6998
6998
6998
6998
6998
6998
6998
6998
6998
6998
6998
6998
6998
6998
6998
6998
6998
6998
6998
6998
6998
6998
6998
6998
6998
6998
6998
6998
6998
6998
6998
6998
6998
6998
6998
6998
6998
6998
6998
6998
6998
6998
6998
6998
6998
6998
6998
6998
6998
6998
6998
6998
6998
6998
6998
6998
6998
6998
6998
6998
6998
6998
6998
6998
6998
6998
6998
6998
6998
6998
6998
6998
6998
6998
6998
6998
6998
6998
6998
6998
6998
6998
6998
6998
6998
6998
6998
6998
6998
6998
6998
6998
6998
6998
6998
6998
6998
6998
6998
6998
6998
6998
6998
6998
6998
6998
6998
6998
6998
6998
6998
6998
6998
6998
6998
6998
6998
6998
6998
6998
6998
6998
6998
6998
6998
6998
6998
6998
6998
6998
6998
6998
6998
6998
6998
6998
6998
6998
6998
6998
6998
6998
6998
6998
6998
6998
6998
6998
6998
6998
6998
6998
6998
6998
6998
6998
6998
6998
6998
6998
6998
6998
6998
6998
6998
6998
6998
6998
6998
6998
6998
6998
6998
6998
6998
6998
6998
6998
6998
6998
6998
6998
6998
6998
6998
6998
6998
6998
6998
6998
6998
6998
6998
6998
6998
6998
6998
