25818
24922
24731
24257
23960
23880
24350
24414
25179
25163
25046
26481
26099
25914
25920
26085
25782
25756
25823
25869
24819
24848
25609
26335
26559
27121
27119
28155
27481
27676
27349
25475
25979
25948
25015
25105
25097
25202
24882
24968
25160
25531
25183
25509
24729
24737
25116
24773
24813
24041
24736
26438
26665
27851
27901
28158
27760
28116
28643
28474
28548
28717
28420
29101
29862
30015
29443
29340
29472
30246
29523
29479
29021
29165
28758
28742
28746
28728
28943
28943
28861
28861
28610
29592
30237
29614
29000
30341
30248
30103
29674
30032
29312
28922
28840
28709
28397
28508
28717
28717
28717
29000
29000
27748
27658
27006
27080
27080
26965
26780
26658
26689
26577
26646
26225
26225
25087
25087
25087
24612
24612
24612
23664
22718
21679
21679
21679
21677
21677
21423
21401
21401
21401
21401
21237
21237
20882
20882
20882
20688
20235
20235
20235
20240
20240
20240
20240
20240
20240
20233
20233
20233
20146
20146
20146
20146
20146
20146
19964
19964
19964
19964
19964
19964
19964
19964
19964
18698
18698
18698
18698
18698
18698
18698
18698
18698
18698
18329
18329
18329
17232
17232
17232
17232
16835
16835
16835
16835
16835
16835
16676
16676
16676
16676
16646
16646
16646
16646
16646
16646
16646
16646
16646
16646
16646
16646
16646
16646
16646
16591
16591
16591
16591
15946
15946
15946
15946
15946
15946
15946
15946
15891
15891
15891
15891
15891
15891
15891
14836
14836
14836
14836
14670
14670
14670
14670
14670
14670
14670
14670
14660
14660
14660
14449
14449
14449
14449
14449
14449
14449
14449
14449
14449
14449
14449
14449
14449
14449
14449
14449
14329
14329
14329
14329
14329
14329
14056
13850
13850
13850
13850
13850
13850
13850
13850
13850
13850
13850
13444
13444
13444
13444
13444
13444
13444
13444
13444
13444
13444
13444
13444
13444
13444
12491
12491
12491
12491
12491
12491
12491
12491
12491
12491
12491
12491
12491
12491
12491
12491
11510
11510
11510
11510
11510
11510
11510
11510
11437
11437
11437
11437
11299
11299
11299
11299
11299
11299
11299
11299
11299
11299
11299
11299
11225
11225
11225
11225
11225
11225
11225
11225
11225
11225
10952
10952
10952
10952
10952
10952
10935
10935
10935
10935
10935
10935
10935
10935
10935
10935
10935
10935
10935
10935
10935
10935
10935
10935
10935
10935
10935
10935
10935
10935
10935
10935
10935
10935
10935
10935
10935
10935
10935
10935
10935
10935
10935
10935
10935
10935
10935
10935
10935
10935
10935
10935
10924
10924
10924
10924
10924
10924
10924
10924
10924
10924
10924
10924
10924
10924
10924
10924
10924
10924
10924
10924
10924
10924
10924
10924
10924
10924
10924
10924
10924
10924
10924
10924
10924
10924
10924
10924
10924
10924
10924
10924
10924
10924
10924
10924
10924
10924
10924
10924
10924
10924
10924
10924
10924
10924
10924
10924
10924
10924
10924
10924
10924
10924
10924
10924
10924
10924
10924
10924
10924
10924
10924
10924
10924
10924
10924
10924
10924
10924
10924
10924
10924
10924
10924
10924
10924
10924
10924
10924
10924
10924
10924
10924
10924
10924
10924
10924
10924
10924
10924
10924
10924
10924
10924
10924
10924
10072
10072
10072
10072
10072
10072
10072
10072
10072
10072
10072
10072
10072
10072
10072
10072
10072
10072
10072
10072
10072
10072
10072
10072
10072
10072
10072
10072
10072
10072
10072
10072
10072
10072
10072
10072
10072
10072
10072
10072
10072
10072
10072
10072
10072
10072
10072
10072
10072
10072
10072
10072
10072
10072
10072
10072
10072
10072
10072
10072
10072
10072
10072
10072
10072
10072
10072
10072
10072
10072
10072
10072
10072
10072
10072
10072
10072
10072
10072
10072
10072
10072
10072
10072
10072
10072
10072
10072
10072
10072
10072
10072
10072
10072
10072
10072
10072
10072
10072
9250
9250
9250
9250
9250
9250
8772
8772
8772
8772
8772
8772
8772
8772
8772
8772
8772
8772
8772
8772
8772
8772
8772
8772
8772
8772
8772
8772
8772
8772
8772
8772
8772
8772
8772
8772
8772
8772
8772
8772
8772
8772
8772
8772
8772
8772
8772
8772
8772
8772
8772
8772
8772
8772
8772
8772
8772
8772
8772
8772
8772
8772
8772
8772
8772
8772
8772
8772
8772
8772
8772
8772
8772
8772
8772
8772
8772
8772
8772
8772
8772
8772
8772
8772
8772
8772
8772
8772
8772
8772
8772
8772
8772
8772
8772
8772
8772
8689
8689
8689
8689
8628
8628
8628
8628
8628
8628
8628
8628
8628
8628
8628
8628
8628
8628
8628
8628
8628
8628
8628
8628
8628
8628
8628
8628
8628
8628
8628
8628
8628
8628
8628
8628
8628
8628
8628
8549
8549
8549
8549
8549
8549
8549
8549
8549
8549
8549
8549
8549
8549
8549
8549
8549
8549
8549
8549
8549
8549
8549
8549
8549
8549
8549
8549
8549
8549
8549
8549
8549
8549
8549
8334
8334
8334
8334
8334
8334
8334
8334
8334
8334
8334
8334
8334
8334
8334
8334
8334
8334
8334
8334
8334
8334
8334
8334
8334
8334
8334
8334
8334
8334
8334
8334
8334
8334
8334
8334
8334
8334
8334
8334
8334
8334
8334
8334
8334
8334
8334
8334
8334
8334
8334
8334
8334
8334
8334
8334
8334
8334
8334
8334
8334
8334
8334
8334
8334
8334
8334
8334
8334
8334
8334
8334
8334
8334
8334
8334
8334
8334
8334
8334
8334
8334
8334
8334
8334
8334
8334
8334
8334
8334
8334
8334
8334
8334
8334
8334
8334
8334
8334
8334
8334
8334
8334
8334
8334
8334
8334
8334
8334
8334
8334
8334
8334
8334
8334
8334
8334
8334
8334
8334
8334
8334
8334
8334
8334
8334
8334
8334
8334
8334
8334
8334
8334
8334
8334
8334
8334
8334
8334
8334
8334
8334
8210
8210
8210
8210
8210
8210
8210
8210
8210
8210
8210
8210
8210
8210
8210
8210
8210
8210
8210
8210
8210
8210
8210
8210
8210
8210
8210
8210
8210
8210
8210
8210
8210
8210
8210
8210
8210
8210
8210
8210
8210
8210
8210
8210
8210
8210
8210
8210
8210
8210
8210
8210
8210
8210
8210
8210
8210
8210
8210
8210
8210
8210
8210
8210
8210
8210
8210
8210
8210
8210
8210
8210
8210
8210
8210
8210
8210
8210
8210
8210
8210
8210
8210
8210
8210
8210
8210
8210
8210
8210
8210
8210
8210
8210
8210
8210
8210
8210
8210
8210
8210
8210
8210
8210
8210
8210
8210
8210
8210
8210
8210
8210
8210
8210
8210
8210
8210
8210
8210
8210
8210
8210
8210
8210
8210
8210
8210
8210
8210
8210
8210
8210
8210
8210
8210
8210
8210
8210
8210
8210
8210
8210
8210
8210
8210
8210
8210
8210
8210
8210
8210
8210
8210
8210
8210
8210
8210
8210
8210
8210
8210
8210
8210
8210
8210
8210
8210
8210
8210
8210
8210
8210
8210
8210
8210
8210
8210
8210
8210
8210
8210
8210
8210
8210
8210
8210
8210
8210
8210
8210
8210
8210
8210
8210
8210
8210
8210
8210
8210
8210
8210
8210
8210
8210
8210
8209
8209
8209
8209
8209
8209
8209
8209
8209
8209
8209
8209
8209
8209
8209
8209
8209
8209
8209
8209
8209
8209
8209
8209
8209
8209
8209
8209
8209
8209
8209
8209
8209
8209
8209
8209
8209
8209
8209
8209
8209
8209
8209
8209
8209
8209
8209
8209
8209
8209
8209
8209
8209
8209
8209
8209
8209
8209
8209
8209
8209
8209
8209
8209
8209
8209
8209
8209
8209
8209
8209
8209
8209
8209
8209
8209
8209
8209
8209
8209
8209
8209
8209
8209
8209
8209
8207
8207
8207
8207
8207
8207
8207
8207
8207
8207
8207
8207
8207
8207
8207
8207
8207
8207
8207
8207
8207
8207
8207
8207
8207
8207
8207
8207
8207
8207
8207
8207
8207
8207
8207
8207
8207
8207
8207
8207
8207
8207
8207
8207
8207
8207
8207
8207
8207
8207
8207
8207
8207
8123
8123
8123
8123
8123
8123
8123
8123
8123
8123
8123
8123
8123
8123
8123
8123
8123
8123
8123
8123
8123
8123
8123
8123
8123
8033
8033
8033
8033
8033
8033
8033
8033
8033
8033
8033
8033
8033
8033
8033
8033
8033
8033
8033
8033
8033
8033
8033
8033
8033
8033
8033
8033
8033
8033
8033
8033
8033
8033
8033
8033
8033
8033
8033
8033
7866
7866
7866
7866
7866
7866
7866
7866
7866
7866
7866
7866
7866
7866
7866
7866
7866
7866
7866
7866
7866
7866
7866
7866
7866
7866
7866
7866
7866
7866
7866
7866
7866
7866
7866
7866
7866
7866
7866
7866
7866
7866
7866
7866
7866
7866
7866
7866
7866
7866
7866
7866
7866
7866
7866
7866
7866
7866
7866
7866
7866
7866
7866
7866
7866
7866
7866
7866
7866
7866
7866
7866
7866
7866
7866
7866
7866
7866
7866
7866
7866
7866
7866
7866
7866
7866
7866
7866
7866
7866
7866
7866
7866
7866
7866
7866
7866
7866
7866
7866
7866
7866
7866
7866
7866
7866
7866
7866
7866
7866
7866
7866
7866
7866
7866
7866
7866
7866
7866
7866
7866
7866
7866
7866
7866
7866
7866
7866
7866
7866
7866
7866
7866
7866
7866
7866
7866
7866
7866
7866
7866
7866
7866
7866
7866
7866
7866
7866
7866
6970
6970
6970
6970
6970
6970
6970
6970
6970
6970
6970
6970
6970
6970
6970
6970
6970
6970
6970
6970
6970
6970
6970
6970
6970
6970
6970
6970
6970
6970
6970
6970
6970
6970
6970
6970
6970
6970
6970
6970
6970
6970
6970
6970
6970
6970
6970
6970
6970
6970
6970
6970
6970
6970
6970
6970
6970
6970
6970
6970
6970
6970
6970
6970
6970
6970
6970
6970
6970
6970
6970
6970
6970
6970
6970
6970
6970
6970
6970
6970
6970
6970
6970
6970
6970
6970
6970
6970
6970
6970
6970
6970
6970
6970
6970
6970
6970
6970
6970
6970
6970
6970
6970
6970
6970
6970
6970
6970
6970
6970
6970
6970
6970
6970
6970
6970
6970
6970
6970
6970
6970
6970
6970
6970
6970
6970
6970
6970
6970
6970
6970
6970
6970
6970
6970
6970
6970
6970
6970
6970
6970
6970
6970
6970
6970
6970
6970
6970
6970
6970
6970
6970
6970
6970
6970
6970
6970
6970
6970
6970
6970
6970
6970
6970
6970
6970
6970
6970
6970
6970
6970
6970
6970
6970
6970
6970
6970
6970
6970
6970
6970
6970
6970
6970
6970
6970
6970
6970
6970
6970
6970
6970
6970
6970
6970
6970
6970
6970
6970
6970
6970
6970
6970
6970
6970
6970
6970
6970
6970
6970
6970
6970
6970
6970
6970
6970
6970
6970
6970
6970
6970
6970
6970
6970
6970
6970
6970
6970
6970
6970
6970
6970
6970
6970
6970
6970
6970
6970
6970
6970
6970
6970
6970
6970
6970
6970
6970
6968
6968
6968
6968
6968
6968
6968
6968
6968
6968
6968
6968
6968
6968
6968
6968
6968
6968
6968
6968
6968
6968
6968
6968
6968
6968
6968
6968
6968
6968
6968
6968
6968
6968
6968
6968
6968
6968
6968
6968
6968
6968
6968
6968
6968
6968
6968
6968
6968
6968
6968
6946
6946
6946
6946
6946
6946
6946
6946
6946
6946
6946
6946
6946
6946
6946
6946
6946
6946
6946
6946
6946
6946
6946
6946
6946
6946
6946
6946
6946
6946
6946
6946
6946
6946
6946
6946
6946
6946
6946
6946
6946
6946
6946
6946
6946
6946
6946
6946
6946
6946
6946
6946
6946
6946
6946
6946
6946
6946
6946
6946
6946
6946
6946
6946
6946
6946
6946
6946
6946
6946
6946
6946
6946
6946
6946
6946
6946
6946
6946
6946
6946
6946
6946
6946
6946
6946
6946
6946
6946
6946
6946
6946
6946
6946
6946
6946
6946
6946
6946
6946
6946
6946
6946
6946
6946
6946
6946
6946
6946
6946
6946
6946
6946
6946
6946
6946
6946
6946
6946
6946
6946
6946
6946
6946
6946
6946
6946
6946
6946
6946
6946
6946
6946
6946
6946
6946
6946
6946
6946
6946
6946
6946
6946
6946
6946
6946
6946
6946
6946
6946
6946
6946
6946
6946
6946
6946
6946
6946
6946
6946
6946
6946
6946
6946
6946
6946
6946
6946
6946
6946
6946
6946
6946
6946
6946
6946
6946
6946
6946
6946
6946
6946
6946
6946
6946
6946
6946
6946
6946
6946
6946
6946
6946
6946
6946
6946
6946
6946
6946
6946
6946
6946
6946
6946
6946
6946
6946
6946
6946
6946
6946
6946
6946
6946
6946
6946
6946
6946
6946
6946
6946
6946
6946
6946
6946
6946
6946
6946
6946
6946
6946
6946
6946
6946
6946
6946
6946
6946
6946
6946
6946
6946
6946
6946
6946
6946
6946
6946
6946
6946
6946
6946
6946
6946
6946
6946
6946
6946
6946
6946
6946
6946
6946
6946
6946
6946
6946
6946
6946
6946
6946
6946
6946
6946
6946
6946
6946
6946
6946
6946
6946
6946
6946
6946
6946
6946
6946
6946
6946
6946
6946
6946
6946
6946
6946
6946
6946
6946
6946
6946
6946
6946
6946
6946
6946
6946
6946
6946
6946
6946
6946
6946
6946
6946
6946
6946
6946
6946
6946
6946
6946
6946
6946
6946
6946
6946
6946
6946
6946
6946
6946
6946
6946
6946
6946
6946
6946
6946
6946
6946
6946
6946
6946
6946
6946
6946
6946
6946
6946
6946
6946
6946
6946
6946
6946
6946
6946
6946
6946
6946
6946
6946
6946
6946
6946
6946
6946
6946
6946
6946
6946
6946
6946
6946
6946
6946
6946
6946
6946
6946
6946
6946
6946
6946
6946
6946
6946
6946
6946
6946
6946
6946
6946
6946
6946
6946
6946
6946
6946
6946
6946
6946
6946
6946
6946
6946
6946
6946
6946
6946
6946
6946
6946
6946
6946
6946
6946
6946
6946
6946
6946
6946
6946
6946
6946
6946
6946
6946
6946
6946
6946
6946
6946
6946
6946
6946
6946
6946
6946
6946
6946
6946
6946
6946
6946
6946
6946
6946
6946
6946
6946
6946
6946
6946
6946
6946
6946
6946
6946
6946
6946
6946
6946
6946
6946
6946
6946
6946
6946
6946
6946
6946
6946
6946
6946
6946
6946
6946
6946
6946
6946
6946
6946
6946
6946
6946
6946
6946
6946
6946
6946
6946
6946
6946
6946
6946
6946
6946
6946
6946
6946
6946
6946
6946
6946
6946
6946
6946
6944
6944
6944
6944
6944
6944
6944
6944
6944
6944
6944
6944
6944
6944
6944
6944
6944
6944
6944
6944
6944
6944
6944
6944
6944
6944
6944
6944
6944
6944
6944
6944
6944
6944
6944
6944
6944
6944
6944
6944
6944
6944
6944
6944
6944
6944
6944
6944
6944
6944
6944
6944
6944
6944
6944
6944
6944
6944
6944
6944
6944
6944
6944
6944
6944
6944
6944
6944
6944
6944
6944
6944
6944
6944
6944
6944
6944
6944
6944
6944
6944
6944
6944
6944
6944
6944
6944
6944
6944
6944
6944
6944
6944
6944
6944
6944
6944
6944
6944
6944
6944
6944
6944
6944
6944
6944
6944
6944
6944
6944
6944
6944
6944
6944
6944
6944
6944
6944
6944
6944
6944
6944
6944
6944
6944
6944
6944
6944
6944
6944
6944
6944
6944
6944
6944
6944
6944
6944
6944
6944
6944
6944
6944
6944
6944
6944
6944
6944
6944
6944
6944
6944
6944
6944
6944
6944
6944
6944
6944
6944
6944
6944
6944
6944
6944
6944
6944
6944
6944
6944
6944
6944
6944
6944
6944
6944
6944
6944
6944
6944
6944
6944
6944
6944
6944
6944
6944
6944
6944
6944
6944
6944
6944
6944
6944
6944
6944
6944
6944
6944
6944
6944
6944
6944
6944
6944
6944
6944
6944
6944
6944
6944
6944
6944
6944
6944
6944
6944
6944
6944
6944
6944
6944
6944
6944
6944
6944
6944
6944
6944
6944
6944
6944
6944
6944
6944
6944
6944
6944
6944
6944
6944
6944
6944
6944
6944
6944
6944
6944
6944
6944
6944
6944
6944
6944
6944
6944
6944
6944
6944
6944
6944
6944
6944
6944
6944
6944
6944
6944
6944
6944
6944
6944
6944
6944
6944
6944
6944
6944
6944
6944
6944
6944
6944
6944
6944
6944
6944
6944
6944
6944
6944
6944
6944
6944
6944
6944
6944
6944
6944
6944
6944
6944
6944
6944
6944
6944
6944
6944
6944
6944
6944
6944
6944
6944
6944
6944
6944
6944
6944
6944
6944
6944
6944
6944
6944
6944
6944
6944
6944
6944
6944
6944
6944
6944
6944
6944
6944
6944
6944
6944
6944
6944
6944
6944
6944
6944
6944
6944
6944
6944
6944
6944
6944
6944
6944
6944
6944
6944
6944
6944
6944
6944
6944
6944
6944
6944
6944
6944
6944
6944
6944
6944
6944
6944
6944
6944
6944
6944
6944
6944
6944
6944
6944
6944
6944
6944
6944
6944
6944
6944
6944
6944
6944
6944
6944
6944
6944
6944
6944
6944
6944
6944
6944
6944
6944
6944
6944
6944
6944
6944
6944
6944
6944
6944
6944
6944
6944
6944
6944
6944
6944
6944
6944
6944
6944
6944
6944
6944
6944
6944
6944
6944
6944
6944
6944
6944
6944
6944
6944
6944
6944
6944
6944
6944
6944
6944
6944
6944
6944
6944
6944
6944
6944
6944
6944
6944
6944
6944
6944
6944
6944
6944
6944
6944
6944
6944
6944
6944
6944
6944
6944
6944
6944
6944
6944
6944
6944
6944
6944
6944
6944
6944
6944
6944
6944
6944
6944
6944
6944
6944
6944
6944
6944
6944
6944
6944
6944
6944
6944
6944
6944
6944
6944
6944
6944
6944
6944
6944
6944
6944
6944
6944
6944
6944
6944
6944
6944
6944
6944
6944
6944
6944
6944
6944
6944
6944
6944
6944
6944
6944
6944
6944
6944
6944
6944
6944
6944
6944
6944
6944
6944
6944
6944
6944
6944
6944
6944
6944
6944
6944
6944
6944
6944
6944
6944
6944
6944
6944
6944
6944
6944
6944
6944
6944
6944
6944
6944
6944
6944
6944
6944
6944
6944
6944
6944
6944
6944
6944
6944
6944
6944
6944
6944
6944
6944
6944
6944
6944
6944
6944
6944
6944
6944
6944
6944
6944
6944
6944
6944
6944
6944
6944
6944
6944
6944
6944
6944
6944
6944
6944
6944
6944
6944
6944
6944
6944
6944
6944
6944
6944
6944
6944
6944
6944
6944
6944
6944
6944
6944
6944
6944
6944
6944
6944
6944
6944
6944
6944
6944
6944
6944
6944
6944
6944
6944
6944
6944
6944
6944
6944
6944
6944
6944
6944
6944
6944
6944
6944
6944
6944
6944
6944
6944
6944
6944
6944
6944
6944
6944
6944
6944
6944
6944
6944
6944
6944
6944
6944
6944
6944
6944
6944
6944
6944
6944
6944
6944
6944
6944
6944
6944
6944
6944
6944
6944
6944
6944
6944
6944
6944
6944
6944
6944
6944
6944
6944
6944
6944
6944
6944
6944
6944
6944
6944
6944
6944
6944
6944
6944
6944
6944
6944
6944
6944
6944
6858
6858
6858
6858
6858
6858
6858
6858
6858
6858
6858
6858
6858
6858
6858
6858
6858
6858
6858
6858
6858
6858
6858
6858
6858
6858
6858
6858
6858
6858
6858
6858
6858
6858
6858
6858
6858
6858
6858
6858
6858
6858
6858
6858
6858
6858
6858
6858
6858
6858
6858
6858
6858
6858
6858
6858
6858
6858
6858
6858
6858
6858
6858
6858
6858
6858
6858
6858
6858
6858
6858
6858
6858
6858
6858
6858
6858
6858
6858
6858
6858
6858
6858
6858
6858
6858
6858
6858
6858
6858
6858
6858
6858
6858
6858
6858
6858
6858
6858
6858
6858
6858
6858
6858
6858
6858
6858
6858
6858
6858
6858
6858
6858
6858
6858
6858
6858
6858
6858
6858
6858
6858
6858
6858
6858
6858
6858
6858
6858
6858
6858
6858
6858
6858
6858
6858
6858
6858
6858
6858
6858
6858
6858
6858
6858
6858
6858
6858
6858
6858
6858
6858
6858
6858
6858
6858
6858
6858
6858
6858
6858
6858
6858
6858
6858
6858
6858
6858
6858
6858
6858
6858
6858
6858
6858
6858
6858
6858
6858
6858
6858
6858
6858
6858
6858
6858
6858
6858
6858
6858
6858
6858
6858
6858
6858
6858
6858
6858
6858
6858
6858
6858
6858
6858
6858
6858
6858
6858
6858
6858
6858
6858
6858
6858
6858
6858
6858
6858
6858
6858
6858
6858
6858
6858
6858
6858
6858
6858
6858
6858
6858
6858
6858
6858
6858
6858
6858
6858
6858
6858
6858
6858
6858
6858
6858
6858
6858
6858
6858
6858
6858
6858
6858
6858
6858
6858
6858
6858
6858
6858
6858
6858
6858
6858
6858
6858
6858
6858
6858
6858
6858
6858
6858
6858
6858
6858
6858
6858
6858
6858
6858
6858
6858
6858
6858
6858
6858
6858
6858
6858
6858
6858
6858
6858
6858
6858
6858
6858
6858
6858
6858
6858
6858
6858
6858
6858
6858
6858
6858
6858
6858
6858
6858
6858
6858
6858
6858
6858
6858
6858
6858
6858
6858
6858
6858
6858
6858
6858
6858
6858
6858
6858
6858
6858
6858
6858
6858
6858
6858
6858
6858
6858
6858
6858
6858
6858
6858
6858
6858
6858
6858
6858
6858
6858
6858
6858
6858
6858
6858
6858
6858
6858
6858
6858
6858
6858
6858
6858
6858
6858
6858
6858
6858
6858
6858
6858
6858
6858
6858
6858
6858
6858
6858
6858
6858
6858
6858
6858
6858
6858
6858
6858
6858
6858
6858
6858
6858
6858
6858
6858
6858
6858
6858
6858
6858
6858
6858
6858
6858
6858
6858
6858
6858
6858
6858
6858
6858
6858
6858
6858
6858
6858
6858
6858
6858
6858
6858
6858
6858
6858
6858
6858
6858
6858
6858
6858
6858
6858
6858
6858
6858
6858
6858
6858
6858
6858
6858
6858
6858
6858
6858
6858
6858
6858
6858
6858
6858
6858
6858
6858
6858
6858
6858
6858
6858
6858
6858
6858
6858
6858
6858
6858
6858
6858
6858
6858
6858
6858
6858
6858
6858
6858
6858
6858
6858
6858
6858
6858
6858
6858
6858
6858
6858
6858
6858
6858
6858
6858
6858
6858
6858
6858
6858
6858
6858
6858
6858
6858
6858
6858
6858
6858
6858
6858
6858
6858
6858
6858
6858
6858
6858
6858
6858
6858
6858
6858
6858
6858
6858
6858
6858
6858
6858
6858
6858
6858
6858
6858
6858
6858
6858
6858
6858
6858
6858
6858
6858
6858
6858
6858
6858
6858
6858
6858
6858
6858
6858
6858
6858
6858
6858
6858
6858
6858
6858
6858
6858
6858
6858
6858
6858
6858
6858
6858
6858
6858
6858
6858
6858
6858
6858
6858
6858
6858
6858
6858
6858
6858
6858
6858
6858
6858
6858
6858
6858
6858
6858
6858
6858
6858
6858
6858
6858
6858
6858
6858
6858
6858
6858
6858
6858
6858
6858
6858
6858
6858
6858
6858
6858
6858
6858
6858
6858
6858
6858
6858
6858
6858
6858
6858
6858
6858
6858
6858
6858
6858
6858
6858
6858
6858
6858
6858
6858
6858
6858
6858
6858
6858
6858
6858
6858
6858
6858
6858
6858
6858
6858
6858
6858
6858
6858
6858
6858
6858
6858
6858
6858
6858
6858
6858
6858
6858
6858
6858
6858
6858
6858
6858
6858
6858
6858
6858
6858
6858
6858
6858
6858
6858
6858
6858
6858
6858
6858
6858
6858
6858
6858
6858
6858
6858
6858
6858
6858
6858
6858
6858
6858
6858
6858
6858
6858
6858
6858
6858
6858
6858
6858
6858
6858
6858
6858
6858
6858
6858
6858
6858
6858
6858
6858
6858
6858
6858
6858
6858
6858
6858
6858
6858
6858
6858
6858
6858
6858
6858
6858
6858
6858
6858
6858
6858
6858
6858
6858
6858
6858
6858
6858
6858
6858
6858
6858
6858
6858
6858
6858
6858
6858
6858
6858
6858
6858
6858
6858
6858
6858
6858
6858
6858
6858
6858
6858
6858
6858
6858
6858
6858
6858
6858
6858
6858
6858
6858
6858
6858
6858
6858
6858
6858
6858
6858
6858
6858
6858
6858
6858
6858
6858
6858
6858
6858
6858
6858
6858
6858
6858
6858
6858
6858
6858
6858
6858
6858
6858
6858
6858
6858
6858
6858
6858
6858
6858
6858
6858
6858
6858
6858
6858
6858
6858
6858
6858
6858
6858
6858
6858
6858
6858
6858
6858
6858
6858
6858
6858
6858
6858
6858
6858
6858
6858
6858
6858
6858
6858
6858
6858
6858
6858
6858
6858
6858
6858
6858
6858
6858
6858
6858
6858
6858
6858
6858
6858
6858
6858
6858
6858
6858
6858
6858
6858
6858
6858
6858
6858
6858
6858
6858
6858
6858
6858
6858
6858
6858
6858
6858
6858
6858
6858
6858
6858
6858
6858
6858
6858
6858
6858
6858
6858
6858
6858
6858
6858
6858
6858
6858
6858
6858
6858
6858
6858
6858
6858
6858
6858
6858
6858
6858
6858
6858
6858
6858
6858
6858
6858
6858
6858
6858
6858
6858
6858
6858
6858
6858
6858
6858
6858
6858
6858
6858
6858
6858
6858
6858
6858
6858
6858
6858
6858
6858
6858
6858
6858
6858
6858
6858
6858
6858
6858
6858
6858
6858
6858
6858
6858
6858
6858
6858
6858
6858
6858
6858
6858
6858
6858
6858
6858
6858
6858
6858
6858
6858
