27483
27920
27225
27221
26919
26925
26918
27224
28525
28934
29310
29910
29825
29767
29983
29924
29780
29187
29760
28131
28356
28165
27946
28207
27903
27623
27177
27040
27553
28394
28922
28825
27891
28173
27596
27520
27618
27354
26891
27400
26275
26504
27870
27791
28658
28764
28491
29233
29384
29637
29635
28542
28317
28493
27664
26871
26773
26899
26899
26605
27192
28119
28057
27994
28159
28080
28101
28132
27848
27746
27267
26883
26968
27527
27427
27243
27243
27334
27334
27034
27458
28105
28105
28471
29492
29492
27490
26353
26488
25955
25839
25839
26392
25550
25550
25336
25336
25398
24854
25476
25509
25509
25509
25597
25823
24989
24348
24348
24604
24604
24382
24409
24308
23863
23671
23671
23671
23671
23967
23967
23915
23911
23916
23916
23371
23371
23371
22812
22812
22812
22812
22812
22812
22812
22812
22812
22703
22658
22658
22658
22658
22642
22642
22642
22161
21660
21660
21462
21462
21462
21349
21349
21349
21349
20374
20374
20374
20374
20241
20241
20241
20241
19495
19263
19263
19263
19263
19263
19263
19263
19126
19126
19126
19126
19126
18869
18869
18869
18869
18869
18869
18869
18869
18869
18869
18869
18869
18869
18853
18853
18853
18853
18853
18853
18780
18706
18706
18706
18676
18676
18212
17525
17525
17525
17525
17525
17525
17525
17525
17474
17474
17474
17474
17474
17474
17474
17330
17330
17330
17330
17231
17231
17231
17231
17231
17231
16958
16958
16958
16958
16947
16894
16894
16894
16894
16064
16064
15618
15618
15618
15618
15618
15618
15618
15618
15618
15618
15611
15611
14863
14863
14863
14863
14863
14792
14792
14792
14782
14782
14782
14782
14530
14530
14530
14530
14530
14530
14530
14530
14530
14530
14530
14530
14530
14530
14530
14416
14416
14416
14416
14416
14416
14416
14416
14416
14317
14317
14317
14317
14317
14317
14317
13902
13902
13902
13902
13902
13902
13902
13902
13902
13902
13902
13902
13902
13675
13675
13675
13675
13675
13401
13401
13401
13401
13401
13373
13373
13373
13373
13373
13373
13373
13373
13373
13373
13373
13373
13373
13373
13373
13373
13373
13373
13373
13373
13373
13373
13373
13373
13373
13373
13373
13373
13373
13373
13300
13300
13300
13300
13300
13300
13300
13300
13300
13300
13300
13300
13300
13300
13131
13131
13131
13131
13131
13131
13131
12080
12080
12080
12080
12080
12080
12080
12080
12080
12080
12080
12080
12080
12080
12080
12080
12080
12080
12080
11782
11782
11782
11782
11782
11782
11782
11624
11624
11624
11624
11624
11624
11624
11624
11624
11624
11624
11624
11624
11624
11624
11624
11624
11624
11624
11624
11624
11624
11624
11624
11624
11624
11624
11548
11525
11525
11525
11525
11525
11525
11525
11525
11525
11525
11525
11525
11525
11525
11525
11525
11525
11525
11525
11525
11525
11525
11525
11525
11525
11525
11525
11525
11525
11525
11525
11525
11525
11525
11525
11525
11525
11525
11525
10939
10939
10939
10939
10939
10939
10939
10861
10861
10861
10861
10861
10861
10861
10861
10861
10861
10861
10861
10861
10861
10861
10861
10861
10861
10861
10861
10861
10861
10861
10861
10861
10861
10861
10861
10861
10861
10861
10861
10861
10861
10861
10861
10861
10861
10861
10861
10861
10861
10861
10861
10861
10861
10861
10861
10861
10861
10861
10861
10861
10861
10861
10861
10861
10861
10861
10861
10861
10861
10650
10650
10650
10650
10650
10650
10650
10650
10650
10650
10650
10650
10650
10650
10650
10650
10650
10650
10650
10650
10650
10650
10650
10650
10650
10650
10650
10650
10650
10650
10650
10650
10650
10650
10650
10650
10650
10650
10650
10650
10650
10650
10650
10650
10650
10650
10650
10650
10650
10650
10650
10650
10650
10650
10650
10650
10650
10650
10650
10650
10650
10650
10650
10650
10650
10650
10650
10650
10650
10650
10650
10650
10521
10521
10521
10521
10521
10521
10521
10521
10521
10521
10521
10521
10521
10521
10521
10521
10521
10521
10521
10521
10521
10521
10521
10521
10521
10521
10521
10521
10521
10521
10521
10521
10521
10521
10521
10521
10521
10521
10521
10521
10521
10521
10489
10489
10489
10489
10489
10489
10489
10489
10489
10489
10489
10489
10489
10489
10489
10489
10489
10489
10489
10489
10489
10489
10489
10489
10489
10489
10489
10489
10489
10489
10489
10489
10489
10489
10489
10489
10489
10489
10489
10489
10489
10489
10489
10489
10489
10489
10489
10489
10489
10489
10489
10489
10489
10489
10489
10489
10489
10489
10489
10489
10489
10489
10489
10489
10489
10489
10489
10489
10489
10489
10489
10489
10489
10489
10489
10489
10489
10489
10489
10489
10489
10489
10489
10489
10489
10489
10489
10489
10489
10489
10489
10489
10489
10489
10489
10489
10489
10489
10489
10489
10489
10489
10489
10489
10489
10489
10489
10489
10489
10489
10489
10489
10489
10489
9544
9544
9544
9544
9544
9544
9544
9544
9544
9544
9544
9544
9544
9544
9544
9544
9544
9544
9544
9544
9544
9544
9544
9544
9544
9544
9544
9544
9544
9544
9544
9544
9544
9544
9544
9544
9544
9544
9544
9544
9544
9544
9544
9544
9544
9544
9544
9544
9544
9544
9544
9544
9544
9544
9544
9544
9544
9544
9544
9544
9544
9544
9544
9544
9544
9544
9544
9544
9544
9544
9544
9544
9544
9544
9544
9544
9544
9544
9544
9544
9544
9544
9544
9544
9544
9544
9544
9544
9544
9544
9544
9544
9544
9544
9427
9427
9427
9427
9427
9427
9427
9427
9427
9427
9427
9427
9427
9410
9410
9410
9410
9410
9410
9410
9410
9410
9410
9410
9410
9410
9410
9290
9290
9290
9290
9290
9290
9240
9214
9214
9214
9214
9214
9214
9214
9214
9214
9214
9214
9214
9214
9214
9214
8983
8983
8983
8983
8983
8983
8983
8983
8983
8983
8983
8983
8983
8983
8983
8983
8983
8983
8983
8983
8983
8983
8983
8983
8983
8983
8983
8983
8983
8983
8983
8983
8983
8983
8983
8983
8983
8983
8983
8983
8983
8983
8983
8983
8983
8983
8983
8983
8983
8983
8983
8983
8983
8983
8983
8880
8880
8880
8880
8879
8879
8879
8879
8879
8879
8879
8879
8879
8879
8879
8879
8879
8879
8879
8879
8879
8879
8879
8879
8879
8879
8879
8879
8879
8879
8879
8879
8879
8879
8879
8879
8879
8879
8879
8879
8281
8281
8281
8281
8281
8281
8281
8281
8281
8281
8281
8281
8281
8281
8281
8281
8281
8281
8281
8281
8281
8281
8281
8281
8281
8281
8281
8250
8250
8250
8250
8250
8250
8250
8250
8250
8250
8250
8250
8250
8250
8250
8250
8250
8250
8250
8250
8250
8250
8250
8250
8250
8250
8250
8250
8250
8250
8250
8250
8250
8250
8250
8250
8250
8250
8250
8250
8250
8250
8250
8250
8250
8250
8250
8250
8250
8250
8250
8250
8250
8250
8250
8250
8250
8250
8250
8250
8250
8250
8250
8250
8250
8250
8250
8250
8250
8250
8250
8250
8250
8250
8250
8250
8250
8250
8250
8250
8250
8250
8250
8250
8250
8250
8250
8250
8250
8250
8250
8250
8250
8250
8250
8250
8250
8250
8250
8250
8250
8250
8250
8250
8250
8250
8250
8250
8250
8250
8250
8250
8250
8250
8250
8250
8250
8250
8250
8250
8250
8250
8250
8250
8250
8250
8250
8250
8250
8250
8250
8250
8250
8250
8128
8128
8128
8128
8128
8128
8128
8128
8128
8128
8128
8128
8052
8052
8052
8052
8052
8052
8052
8052
8052
8052
8052
8052
8052
8052
8052
8052
8052
8052
8052
8052
8052
8052
8052
8052
8052
8052
8052
8052
8052
8052
8052
8052
8052
8052
8052
8052
8052
8052
8052
8052
8052
8052
8052
8052
8052
8052
8052
8052
8052
8052
8052
8052
8052
8052
8052
8052
8052
8052
8052
8052
8052
8052
8052
8052
8052
8052
8052
8052
8052
8052
8052
8052
8052
8052
8052
8052
8052
8052
8052
8052
8052
8052
8052
8052
8052
8052
8052
8052
8052
8052
8052
8052
8052
8052
8052
8052
8052
8052
8052
8052
8052
8052
8052
8052
8052
8052
8052
8052
8052
8052
8052
8052
8052
8052
8052
8052
8052
8052
8052
8052
8052
8052
8052
8052
8052
8052
8052
8052
7898
7898
7898
7898
7898
7898
7898
7898
7898
7898
7898
7898
7898
7898
7898
7898
7898
7898
7898
7898
7898
7898
7898
7898
7898
7898
7898
7898
7898
7898
7898
7898
7898
7898
7898
7898
7898
7898
7898
7898
7898
7898
7898
7898
7898
7898
7898
7898
7898
7898
7898
7898
7898
7898
7898
7898
7898
7898
7898
7898
7898
7898
7898
7898
7898
7898
7898
7898
7898
7898
7898
7898
7898
7898
7898
7834
7834
7834
7834
7834
7834
7834
7834
7834
7834
7834
7834
7834
7834
7834
7834
7834
7834
7834
7834
7834
7834
7834
7834
7834
7834
7834
7834
7834
7834
7834
7834
7834
7834
7834
7834
7727
7727
7727
7727
7727
7727
7727
7727
7727
7727
7727
7727
7727
7727
7727
7727
7727
7727
7727
7727
7727
7727
7727
7727
7727
7727
7727
7727
7727
7727
7727
7727
7727
7727
7727
7727
7727
7727
7727
7727
7727
7727
7727
7727
7727
7727
7727
7727
7727
7727
7727
7727
7727
7727
7420
7420
7420
7420
7420
7420
7420
7420
7420
7420
7420
7420
7420
7420
7420
7420
7420
7420
7420
7420
7420
7420
7420
7420
7420
7420
7420
7420
7420
7420
7420
7420
7420
7420
7420
7420
7420
7420
7420
7420
7420
7420
7420
7420
7420
7420
7420
7420
7420
7420
7420
7420
7420
7420
7420
7420
7420
7420
7420
7420
7420
7420
7420
7420
7420
7420
7420
7420
7420
7420
7420
7420
7420
7420
7420
7420
7420
7420
7420
7420
7420
7420
7420
7420
7420
7420
7420
7420
7420
7420
7420
7420
7420
7420
7420
7420
7420
7420
7420
7418
7418
7418
7418
7418
7418
7418
7418
7418
7418
7418
7418
7418
7418
7418
7418
7418
7418
7418
7418
7418
7418
7415
7415
7415
7415
7415
7415
7415
7415
7415
7415
7415
7415
7415
7415
7415
7415
7415
7415
7415
7415
7415
7415
7415
7415
7415
7415
7415
7415
7415
7415
7415
7415
7415
7415
7415
7415
7415
7415
7415
7415
7415
7415
7415
7415
7415
7415
7415
7415
7415
7415
7415
7415
7415
7415
7415
7415
7415
7415
7415
7415
7415
7415
7415
7415
7415
7415
7415
7415
7415
7415
7415
7415
7415
7415
7415
7415
7415
7415
7415
7415
7415
7415
7415
7415
7415
7415
7415
7415
7415
7415
7415
7415
7415
7415
7415
7415
7415
7415
7415
7415
7415
7415
7415
7415
7415
7415
7415
7415
7415
7415
7415
7415
7415
7415
7415
7415
7415
7415
7415
7415
7415
7415
7415
7415
7415
7415
7415
7415
7415
7415
7415
7415
7415
7415
7415
7415
7415
7415
7415
7415
7415
7415
7415
7415
7415
7415
7415
7415
7415
7415
7415
7415
7415
7415
7415
7415
7415
7415
7415
7415
7415
7415
7415
7415
7415
7415
7415
7415
7415
7415
7415
7415
7415
7415
7415
7415
7415
7415
7415
7415
7415
7415
7415
7415
7415
7415
7415
7415
7415
7415
7415
7415
7415
7415
7415
7415
7415
7415
7415
7415
7415
7415
7415
7415
7415
7415
7415
7415
7415
7415
7415
7415
7415
7415
7415
7415
7415
7415
7415
7415
7415
7415
7415
7415
7415
7415
7415
7415
7415
7415
7415
7415
7415
7415
7415
7415
7415
7415
7415
7415
7415
7415
7415
7415
7415
7415
7415
7415
7415
7415
7415
7415
7415
7415
7415
7415
7415
7415
7415
7415
7415
7415
7415
7415
7415
7415
7415
7415
7415
7415
7415
7415
7415
7415
7415
7415
7415
7415
7415
7415
7415
7415
7415
7415
7415
7415
7415
7415
7415
7415
7415
7415
7415
7415
7415
7415
7415
7415
7415
7415
7415
7415
7415
7415
7415
7415
7415
7415
7415
7415
7415
7415
7415
7415
7415
7415
7415
7415
7415
7415
7415
7415
7415
7415
7415
7415
7415
7415
7415
7415
7415
7415
7415
7415
7415
7415
7415
7415
7415
7415
7415
7415
7415
7415
7415
7415
7415
7415
7415
7415
7415
7415
7415
7415
7415
7415
7415
7415
7415
7415
7415
7415
7415
7415
7415
7415
7415
7415
7415
7415
7415
7415
7415
7415
7415
7415
7415
7415
7415
7415
7415
7415
7415
7415
7415
7415
7415
7415
7415
7415
7415
7415
7415
7415
7415
7415
7415
7415
7415
7415
7415
7415
7415
7415
7415
7415
7415
7415
7415
7415
7415
7415
7415
7415
7415
7415
7415
7415
7415
7415
7415
7415
7415
7415
7415
7415
7415
7415
7415
7415
7415
7415
7415
7415
7415
7415
7415
7415
7415
7415
7415
7415
7415
7415
7415
7415
7415
7415
7415
7415
7415
7415
7415
7415
7415
7415
7415
7415
7415
7415
7415
7415
7415
7415
7415
7415
7415
7415
7415
7415
7415
7415
7415
7415
7415
7415
7415
7415
7415
7415
7415
7415
7415
7415
7415
7415
7415
7415
7415
7415
7415
7415
7415
7415
7415
7415
7415
7415
7415
7415
7415
7415
7415
7415
7415
7415
7415
7415
7415
7415
7415
7415
7415
7415
7415
7415
7415
7415
7415
7415
7415
7415
7415
7415
7415
7415
7415
7415
7415
7415
7415
7415
7415
7415
7415
7415
7415
7415
7415
7415
7415
7415
7415
7415
7415
7415
7415
7048
7048
7048
7048
7048
7048
7048
7048
7048
7048
7048
7048
7048
7048
7048
7048
7048
7048
7048
7048
7048
7048
7048
7048
7048
7048
7048
7048
7048
7048
7048
7048
7048
7048
7048
7048
7048
7048
7048
7048
7048
7048
7048
7048
7048
7048
7048
7048
7048
7048
7048
7048
7048
7048
7048
7048
7048
7048
7048
7048
7048
7048
7048
7048
7048
7048
7048
7048
7048
7048
7048
7048
7048
7048
7048
7048
7048
7048
7048
7048
7048
7048
7048
7048
7048
7048
7048
7048
7048
7048
7048
7048
7048
7048
7048
7048
7048
7048
7048
7048
7048
7048
7048
7048
7048
7048
7048
7048
7048
7048
7048
7048
7048
7048
7048
7048
7048
7048
7048
7048
7048
7048
7048
7048
7048
7048
7048
7048
7048
7048
7048
7048
7048
7048
7048
7048
7048
7048
7048
7048
7048
7048
7048
7048
7048
7048
7048
7048
7048
7048
7048
7048
7048
7048
7048
7048
7048
7048
7048
7048
7048
7048
7048
7048
7048
7048
7048
7048
7048
7048
7048
7048
7048
7048
7048
7048
7048
7048
7048
7048
7048
7048
7048
7048
7048
7048
7048
7048
7048
7048
7048
7048
7048
7048
7048
7048
7048
7048
7048
7048
7048
7048
7048
7048
7048
7048
7048
7048
7048
7048
7048
7048
7048
7048
7048
7048
7048
7048
7048
7048
7048
7048
7048
7048
7048
7048
7048
7048
7048
7048
7048
7048
7048
7048
7048
7048
7048
7048
7048
7048
7048
7048
7048
7048
7048
7048
7048
7048
7048
7048
7048
7048
7048
7048
7048
7048
7048
7048
7048
7048
7048
7048
7048
7048
7048
7048
7048
7048
7048
7048
7048
7048
7048
7048
7048
7048
7048
7048
7048
7048
7048
7048
7048
7048
7048
7048
7048
7048
7048
7048
7048
7048
7048
7048
7048
7048
7048
7048
7048
7048
7048
7048
7048
7048
7048
7048
7048
7048
7048
7048
7048
7048
7048
7048
7048
7048
7048
7048
7048
7048
7048
7048
7048
7048
7048
7048
7048
7048
7048
7048
7048
7048
7048
7048
7048
7048
7048
7048
7048
7048
7048
7048
7048
7048
7048
7048
7048
7048
7048
7048
7048
7048
7048
7048
7048
7048
7048
7048
7048
7048
7048
7048
7048
7048
7048
7048
7048
7048
7048
7048
7048
7048
7048
7048
7048
7048
7048
7048
7048
7048
7048
7048
7048
7048
7048
7048
7048
7048
7048
7048
7048
7048
7048
7048
7048
7048
7048
7048
7048
7048
7048
7048
7048
7048
7048
7048
7048
7048
7048
7048
7048
7048
7048
7048
7048
7048
7048
7048
7048
7048
7048
7048
7048
7048
7048
7048
7048
7048
7048
7048
7048
7048
7048
7048
7048
7048
7048
7048
7048
7048
7048
7048
7048
7048
7048
7048
7048
7048
7048
7048
7048
7048
7048
7048
7048
7048
7048
7036
7036
7036
7036
7036
7036
7036
7036
7036
7036
7036
7036
7036
7036
7036
7036
7036
7036
7036
7036
7036
7036
7036
7036
7036
7036
7036
7036
7036
7036
7036
7036
7036
7036
7036
7036
7036
7036
7036
7036
7036
7036
7036
7036
7036
7036
7036
7036
7036
7036
7036
7036
7036
7036
7036
7036
7036
7036
7036
7036
7036
7036
7036
7036
7036
7036
7036
7036
7036
7036
7036
7036
7036
7036
7036
7036
7036
7036
7036
7036
7036
7036
7036
7036
7036
7036
7036
7036
7036
7036
7036
7036
7036
7036
7036
7036
7036
7036
7036
7036
7036
7036
7036
7036
7036
7036
7036
7036
7036
7036
7036
7036
7036
7036
7036
7036
7036
7036
7036
7036
7036
7036
7036
7036
7036
7036
7036
7036
7036
7036
7036
7036
7036
7036
7036
7036
7036
7036
7036
7036
7036
7036
7036
7036
7036
7036
7036
7036
7036
7036
7036
7036
7036
7036
7036
7036
7036
7036
7036
7036
7036
7036
7036
7036
7036
7036
7036
7036
7036
7036
7036
7036
7036
7036
7036
7036
7036
7036
7036
7036
7036
7036
7036
7036
7036
7036
7036
7036
7036
7036
7036
7036
7036
7036
7036
7036
7036
7036
7036
7036
7036
7036
7036
7036
7036
7036
7036
7036
7036
7036
7036
7036
7036
7036
7036
7036
7036
7036
7036
7036
7036
7036
7036
7036
7036
7036
7036
7036
7036
7036
7036
7036
7036
7036
7036
7036
7036
7036
7036
7036
7036
7036
7036
7036
7036
7036
7036
7036
7036
7036
7036
7036
7036
7036
7036
7036
7036
7036
7036
7036
7036
7036
7036
7036
7036
7036
7036
7036
7036
7036
7036
7036
7036
7036
7036
7036
7036
7036
7036
7036
7036
7036
7036
7036
7036
7036
7036
7036
7036
7036
7036
7036
7036
7036
7036
7036
7036
7036
7036
7036
7036
7036
7036
7036
7036
7036
7036
7036
7036
7036
7036
7036
7036
7036
7036
7036
7036
7036
7036
7036
7036
7036
7036
7036
7036
7036
7036
7036
7036
7036
7036
7036
7036
7036
7036
7036
7036
7036
7036
7036
7036
7036
7036
7036
7036
7036
7036
7036
7036
7036
7036
7036
7036
7036
7036
7036
7036
7036
7036
7036
7036
7036
7036
7036
7036
7036
7036
7036
7036
7036
7036
7036
7036
7036
7036
7036
7036
7036
7036
7036
7036
7036
7036
7036
7036
7036
7036
7036
7036
7036
7036
7036
7036
7036
7036
7036
7036
7036
7036
7036
7036
7036
7036
7036
7036
7036
7036
7036
7036
7036
7036
7036
7036
7036
7036
7036
7036
7036
7036
7036
7036
7036
7036
7036
7036
7036
7036
7036
7036
7036
7036
7036
7036
7036
7036
7036
7036
7036
7036
7036
7036
7036
7036
7036
7036
7036
7036
7036
7036
7036
7036
7036
7036
7036
7036
7036
7036
7036
7036
7036
7036
7036
7036
7036
7036
7036
7036
7036
7036
7036
7036
7036
7036
7036
7036
7036
7036
7036
7036
7036
7036
7036
7036
7036
7036
7036
7036
7036
7036
7036
7036
7036
7036
7036
7036
7036
7036
7036
7036
7036
7036
7036
7036
7036
7036
7036
7036
7036
7036
7036
7036
7036
7036
7036
7036
7036
7036
7036
7036
7036
7036
7036
7036
7036
7036
7036
7036
7036
7036
7036
7036
7036
7036
7036
7036
7036
7036
7036
7036
7036
7036
7036
7036
7036
7036
7036
7036
7036
7036
7036
7036
7036
7036
7036
7036
7036
7036
7036
7036
7036
7036
7036
7036
7036
7036
7036
7036
7036
7036
7036
7036
7036
7036
7036
7036
7036
7036
7036
7036
7036
7036
7036
7036
7036
7036
7036
7036
7036
7036
7036
7036
7036
7036
7036
7036
7036
7036
7036
7036
7036
7036
7036
7036
7036
7036
7036
7036
7036
7036
7036
7036
7036
7036
7036
7036
7036
7036
7036
7036
7036
7036
7036
7036
7036
7036
7036
7036
7036
7036
7036
7036
7036
7036
7036
7036
7036
7036
7036
7036
7036
7036
7036
7036
7036
7036
7036
7036
7036
7036
7036
7036
7036
7036
7036
7036
7036
7036
7006
7006
7006
7006
7006
7006
7006
7006
7006
7006
7006
7006
7006
7006
7006
7006
7006
7006
7006
7006
7006
7006
7006
7006
7006
7006
7006
7006
7006
7006
7006
7006
7006
7006
7006
7006
7006
7006
7006
7006
7006
7006
7006
7006
7006
7006
7006
7006
7006
7006
7006
7006
7006
7006
7006
7006
7006
7006
7006
7006
7006
7006
7006
7006
7006
7006
7006
7006
7006
7006
7006
7006
7006
7006
7006
7006
7006
7006
7006
7006
7006
7006
7006
7006
7006
7006
7006
7006
7006
7006
7006
7006
7006
7006
7006
7006
7006
7006
7006
7006
7006
7006
7006
7006
7006
7006
7006
7006
7006
7006
7006
7006
7006
7006
7006
7006
7006
7006
7006
7006
7006
7006
7006
7006
7006
7006
7006
7006
7006
7006
7006
7006
7006
7006
7006
7006
7006
7006
7006
7006
7006
7006
7006
7006
7006
7006
7006
7006
7006
7006
7006
7006
7006
7006
7006
7006
7006
7006
7006
7006
7006
7006
7006
7006
7006
7006
7006
7006
7006
7006
7006
7006
7006
7006
7006
7006
7006
7006
7006
7006
7006
7006
7006
7006
7006
7006
7006
7006
7006
7006
7006
7006
7006
7006
7006
7006
7006
7006
7006
7006
7006
7006
7006
7006
7006
7006
7006
7006
7006
7006
7006
7006
7006
7006
7006
7006
7006
7006
7006
7006
7006
7006
7006
7006
7006
7006
7006
7006
7006
7006
7006
7006
7006
7006
7006
7006
7006
7006
7006
7006
7006
7006
7006
7006
7006
7006
7006
7006
7006
7006
7006
7006
7006
7006
7006
7006
7006
7006
7006
7006
7006
7006
7006
7006
7006
7006
7006
7006
7006
7006
7006
7006
7006
7006
7006
7006
7006
7006
7006
7006
7006
7006
7006
7006
7006
7006
7006
7006
7006
7006
7006
7006
7006
7006
7006
7006
7006
7006
7006
7006
7006
7006
7006
7006
7006
7006
7006
7006
7006
7006
7006
7006
7006
7006
7006
7006
7006
7006
7006
7006
7006
7006
7006
7006
7006
7006
7006
7006
7006
7006
7006
7006
7006
7006
7006
7006
7006
7006
7006
7006
7006
7006
7006
7006
7006
7006
7006
7006
7006
7006
7006
7006
7006
7006
7006
7006
7006
7006
7006
7006
7006
7006
7006
7006
7006
7006
7006
7006
7006
7006
7006
7006
7006
7006
7006
7006
7006
7006
7006
7006
7006
7006
7006
7006
7006
7006
7006
7006
7006
7006
7006
7006
7006
7006
7006
7006
7006
7006
7006
7006
7006
7006
7006
7006
7006
7006
7006
7006
7006
7006
7006
7006
7006
7006
7006
7006
7006
7006
7006
7006
7006
7006
7006
7006
7006
7006
7006
7006
7006
7006
7006
7006
7006
7006
7006
7006
7006
7006
7006
7006
7006
7006
7006
7006
7006
7006
7006
7006
7006
7006
7006
7006
7006
7006
7006
7006
7006
7006
7006
7006
7006
7006
7006
7006
7006
6710
6710
6710
6710
6710
6710
6710
6710
6710
6710
6710
6710
6710
6710
6710
6710
6710
6710
6710
6710
6710
6710
6710
6710
6710
6710
6710
6710
6710
6710
6710
6710
6710
6710
6710
6710
6710
6710
6710
6710
6710
6710
6710
6710
6710
6710
6710
6710
6710
6710
6710
6710
6710
6710
6710
6710
6710
6710
6710
6710
6710
6710
6710
6710
6710
6710
6710
6710
6710
6710
6710
6710
6710
6710
6710
6710
6710
6710
6710
6710
6710
6710
6710
6710
6710
6710
6710
6710
6710
6710
6710
6710
6710
6710
6710
6710
6710
6710
6710
6710
6710
6710
6710
6710
6710
6710
6710
6710
6710
6710
6710
6710
6710
6710
6710
6710
6710
6710
6710
6710
6710
6710
6710
6710
6710
6710
6710
6710
6710
6710
6710
6710
6710
6710
6710
6710
6710
6710
6710
6710
6710
6710
6710
6710
6710
6710
6710
6710
6710
6710
6710
6710
6710
6710
6710
6710
6710
6710
6710
6710
6710
6710
6710
6710
6710
6710
6710
6710
6710
6710
6710
6710
6710
6710
6710
6710
6710
6710
6710
6710
6710
6710
6710
6710
6710
6710
6710
6710
6710
6710
6710
6710
6710
6710
6710
6710
6710
6710
6710
6710
6710
6710
6710
6710
6710
6710
6710
6710
6710
6710
6710
6710
6710
6710
6710
6710
6710
6710
6710
6710
6710
6710
6710
6710
6710
6710
6710
6710
6710
6710
6710
6710
6710
6710
6710
6710
6710
6710
6710
6710
6710
6710
6710
6710
6710
6710
6710
6710
6710
6710
6710
6710
6710
6710
6710
6710
6710
6710
6710
6710
6710
6710
6710
6710
6710
6710
6710
6710
6710
6710
6710
6710
6710
6710
6710
6710
6710
6710
6710
6710
6710
6710
6710
6710
6710
6710
6710
6710
6710
6710
6710
6710
6710
6710
6710
6710
6710
6710
6710
6710
6710
6710
6710
6710
6710
6710
6710
6710
6710
6710
6710
6710
6710
6710
6710
6710
6710
6710
6710
6710
6710
6710
6710
6710
6710
6710
6710
6710
6710
6710
6710
6710
6710
6710
6710
6710
6710
6710
6710
6710
6710
6710
6710
6710
6710
6710
6710
6710
6710
6710
6710
6710
6710
6710
6710
6710
6710
6710
6710
6710
6710
6710
6710
6710
6710
6710
6710
6710
6710
6710
6710
6710
6710
6710
6710
6710
6710
6710
6710
6710
6710
6710
6710
6710
6710
6710
6710
6710
6710
6710
6710
6710
6710
6710
6710
6710
6710
6710
6710
6710
6710
6710
6710
6710
6710
6710
6710
6710
6710
6710
6710
6710
6710
6710
6710
6710
6710
6710
6710
6710
6710
6710
6710
6710
6710
6710
6710
6710
6710
6710
6710
6710
6710
6710
6710
6710
6710
6710
6710
6710
6710
6710
6710
6710
6710
6710
6710
6710
6710
6710
6710
6710
6710
6710
6710
6710
6710
6710
6710
6710
6710
6710
6710
6710
6710
6710
6710
6710
6710
6710
6710
6710
6710
6710
6710
6710
6710
6710
6710
6710
6710
6710
6710
6710
6710
6710
6710
6710
6710
6710
6710
6710
6710
6710
6710
6710
6710
6710
6710
6710
6710
6710
6710
6710
6710
6710
6710
6710
6710
6710
6710
6710
6710
6710
6710
6710
6710
6710
6710
6710
6710
6710
6710
6710
6710
6710
6710
6710
6710
6710
6710
6710
6710
6710
6710
6710
6710
6710
6710
6710
6710
6710
6710
6710
6710
6710
6710
6710
6710
6710
6710
6710
6710
6710
6710
6710
6710
6710
6710
6710
6710
6710
6710
6710
6710
6710
6710
6710
6710
6710
6710
6710
6710
6710
6710
6710
6710
6710
6710
6710
6710
6710
6710
6710
6710
6710
6710
6710
6710
6710
6710
6710
6710
6710
6710
6710
6710
6710
6710
6710
6710
6710
6710
6710
6710
6710
6710
6710
6710
6710
6710
6710
6710
6710
6710
6710
6710
6710
6710
6710
6710
6710
6710
6710
6710
6710
6710
6710
6710
6710
6710
6710
6710
6710
6710
6710
6710
6710
6710
6710
6710
6710
6710
6710
6710
6710
6710
6710
6710
6710
6710
6710
6710
6710
6710
6710
6710
6710
6710
6710
6710
6710
6710
6710
6710
6710
6710
6710
6710
6710
6710
6710
6710
6710
6710
6710
6710
6664
6664
6664
6664
6664
6664
6664
6664
6664
6664
6664
6664
6664
6664
6664
6664
6664
6664
6664
6664
6664
6664
6664
6664
6664
6664
6664
6664
6664
6664
6664
6664
6664
6664
6664
6664
6664
6664
6664
6664
6664
6664
6664
6664
6664
6664
6664
6664
6664
6664
6664
6664
6664
6664
6664
6664
6664
6664
6664
6664
6664
6664
6664
6664
6664
6664
6664
6664
6664
6664
6664
6664
6664
6664
6664
6664
6664
6664
6664
6664
6664
6664
6664
6664
6664
6664
6664
6664
6664
6664
6664
6664
6664
6664
6664
6664
6664
6664
6664
6664
6664
6664
6664
6664
6664
6664
6664
6664
6664
6664
6664
6664
6664
6664
6664
6664
6664
6664
6664
6664
6664
6664
6664
6664
6664
6664
6664
6664
6664
6664
6664
6664
6664
6664
6664
6664
6664
6664
6664
6664
6664
6664
6664
6664
6664
6664
6664
6664
6664
6664
6664
6664
6664
6664
6664
6664
6664
6664
6664
6664
6664
6664
6664
6664
6664
6664
6664
6664
6664
6664
6664
6664
6664
6664
6664
6664
6664
6664
6664
6664
6664
6664
6664
6664
6664
6664
6664
6664
6664
6664
6664
6664
6664
6664
6664
6664
6664
6664
6664
6664
6664
6664
6664
6664
6664
6664
6664
6664
6664
6664
6664
6664
6664
6664
6664
6664
6664
6664
6664
6664
6664
6664
6664
6664
6664
6664
6664
6664
6664
6664
6664
6664
6664
6664
6664
6664
6664
6664
6664
6664
6664
6664
6664
6664
6664
6664
6664
6664
6664
6664
6664
6664
6664
6664
6664
6664
6664
6664
6664
6664
6664
6664
6664
6664
6664
6664
6664
6664
6664
6664
6664
6664
6664
6664
6664
6664
6664
6664
6664
6664
6664
6664
6664
6664
6664
6664
6664
6664
6664
6664
6664
6664
6664
6664
6664
6664
6664
6664
6664
6664
6664
6664
6664
6664
6664
6664
6664
6664
6664
6664
6664
6664
6664
6664
6664
6664
6664
6664
6664
6664
6664
6664
6664
6664
6664
6664
6664
6664
6664
6664
6664
6664
6664
6664
6664
6664
6664
6664
6664
6664
6664
6664
6664
6664
6664
6664
6664
6664
6664
6664
6664
6664
6664
6664
6664
6664
6664
6664
6664
6664
6664
6664
6664
6664
6664
6664
6664
6664
6664
6664
6664
6664
6664
6664
6664
6664
6664
6664
6664
6664
6664
6664
6664
6664
6664
6664
6664
6664
6664
6664
6664
6664
6664
6664
6664
6664
6664
6664
6664
6664
6664
6664
6664
6664
6664
6664
6664
6664
6664
6664
6664
6664
6664
6664
6664
6664
6664
6664
6664
6664
6664
6664
6664
6664
6664
6664
6664
6664
6664
6664
6664
6664
6664
6664
6664
6664
6664
6664
6664
6664
6664
6664
6664
6664
6664
6664
6664
6664
6664
6664
6664
6664
6664
6664
6664
6664
6664
6664
6664
6664
6664
6664
6664
6664
6664
6664
6664
6664
6664
6664
6664
6664
6664
6664
6664
6664
6664
6664
6664
6664
6664
6664
6664
6664
6664
6664
6664
6664
6664
6664
6664
6664
6664
6664
6664
6664
6664
6664
6664
6664
6664
6664
6664
6664
6664
6664
6664
6664
6664
6664
6664
6664
6664
6664
6664
6664
6664
6664
6664
6664
6664
6664
6664
6664
6664
6664
6664
6664
6664
6664
6664
6664
6664
6664
6664
6664
6664
6664
6664
6664
6664
6664
6664
6664
6664
6664
6664
6664
6664
6664
6664
6664
6664
6664
6664
6664
6664
6664
6664
6664
6664
6664
6664
6664
6664
6664
6664
6664
6664
6664
6664
6664
6664
6664
6664
6664
6664
6664
6664
6664
6664
6664
6664
6664
6664
6664
6664
6664
6664
6664
6664
6664
6664
6664
6664
6664
6664
6664
6664
6664
6664
6664
6664
6664
6664
6664
6664
6664
6664
6664
6664
6664
6664
6664
6664
6664
6664
6664
6664
6664
6664
6664
6664
6664
6664
6664
6664
6664
6664
6664
6664
6664
6664
6664
6664
6664
6664
6664
6664
6664
6664
6664
6664
6664
6664
6664
6664
6664
6664
6664
6664
6664
6664
6664
6664
6664
6664
6664
6664
6664
6664
6664
6664
6664
6664
6664
6664
6664
6664
6664
6664
6664
6664
6664
6664
6664
6664
6664
6664
6664
6664
6664
6664
6664
6664
6664
6664
6664
6664
6664
6664
6664
6664
6664
6664
6664
6664
6664
6664
6664
6664
6664
6664
6664
6664
6664
6664
6664
6664
6664
6664
6664
6664
6664
6664
6664
6664
6664
6664
6664
6664
6664
6664
6664
6664
6664
6664
6664
6664
6664
6664
6664
6664
6664
6664
6664
6664
6664
6664
6664
6664
6664
6664
6664
6664
6664
6664
6664
6664
6664
6664
6664
6664
6664
6664
6664
6664
6664
6664
6664
6664
6664
6664
6664
6664
6664
6664
6664
6664
6664
6664
6664
6664
6664
6664
6664
6664
6664
6664
6664
6664
6664
6664
6664
6664
6664
6664
6664
6664
6664
6664
6664
6664
6664
6664
6664
6664
6664
6664
6664
6664
6664
6664
6664
6664
6664
6664
6664
6664
6664
6664
6664
6664
6664
6664
6664
6664
6664
6664
6664
6664
6664
6664
6664
6664
6664
6664
6664
6664
6664
6664
6664
6664
6664
6664
6664
6664
6664
6664
6664
6664
6664
6664
6664
6664
6664
6664
6664
6664
6664
6664
6664
6664
6664
6664
6664
6664
6664
6664
6664
6664
6664
6664
6664
6664
6664
6664
6664
6664
6664
6664
6664
6664
6664
6664
6664
6664
6664
6664
6664
6664
6664
6664
6664
6664
6664
6664
6664
6664
6664
6664
6664
6664
6664
6664
6664
6664
6664
6664
6664
6664
6664
6664
6664
6664
6664
6664
6664
6664
6664
6664
6664
6664
6664
6664
6664
6664
6664
6664
6664
6664
6664
6664
6664
6664
6664
6664
6664
6664
6664
6664
6664
6664
6664
6664
6664
6664
6664
6664
6664
6664
6664
6664
6664
6664
6664
6664
6664
6664
6664
6664
6664
6664
6664
6664
6664
6664
6664
6664
6664
6664
6664
6664
6664
6664
6664
6664
6664
6664
6664
6664
6664
6664
6664
6664
6664
6664
6664
6664
6664
6664
6664
6664
6664
6664
6664
6664
6664
6664
6664
6664
6664
6664
6664
6664
6664
6664
6664
6664
6664
