30354
30078
30078
30078
30078
29835
29835
30224
30265
30265
29184
29216
29030
29547
29517
28808
28436
28436
28462
28445
28546
28546
28546
28546
28546
28125
28125
27740
27571
27481
27135
25657
25497
25497
25497
25497
25456
25456
25456
25312
25312
24505
24505
24531
24531
24521
24337
23952
23952
23952
23240
23240
23240
23240
23240
23013
23013
22771
22621
22595
22595
22595
22294
22294
22265
22265
22167
21970
21056
21056
20462
20462
20462
20253
20217
20193
20193
20193
20073
19579
19579
19579
18619
18619
17458
17458
17458
17458
17458
17400
17400
17400
17400
17400
17400
17400
17400
17400
17400
17400
17400
17400
17400
17400
17400
17282
17282
17282
17282
17282
16215
15675
15292
15292
15292
15292
15292
15271
15271
15271
15271
15271
15271
15271
15271
15271
15271
15271
15271
15271
15271
15271
15271
15271
15271
15271
15197
15197
15197
15197
15166
15166
15166
15166
15166
15166
15153
15153
15153
15153
15153
15153
15153
15153
15153
15094
15094
15094
15094
15094
15094
15094
14578
14578
14578
14578
14578
14578
14578
14549
14549
14549
14377
14377
14377
14377
14377
14377
14377
14377
14284
14263
13354
13354
13354
13354
13354
13354
13354
13354
13354
13354
13354
13354
13354
13354
13354
13354
13138
13100
13100
13100
13100
13100
13100
13100
13089
13089
13089
13089
13089
13089
13089
12970
12970
12970
12970
12970
12970
12970
12970
12970
12970
12970
12970
12970
12274
12274
12274
12274
12274
12274
12274
12274
12274
12274
12274
12274
12274
12274
12274
12274
12274
12274
12274
12274
12274
12274
12274
12274
12274
12274
12274
12274
12274
12274
12274
12274
12274
12274
12274
12240
12240
12240
12240
11938
11938
11938
11938
11733
11733
11733
11733
11733
11733
11733
11733
11733
11733
11733
11733
11428
11428
11428
11428
11428
11428
11428
11428
11428
11428
11428
11428
11428
11428
11428
11428
11428
11428
11428
11428
11428
11428
11428
11428
11428
11428
11428
11428
11428
11428
11428
11325
11325
11191
11191
11191
11191
11191
11191
11191
11191
10988
10988
10988
10988
10988
10988
10988
10988
10988
10988
10988
10988
10988
10988
10988
10988
10988
10988
10988
10988
10988
10988
9987
9987
9987
9987
9987
9987
9987
9987
9967
9967
9967
9967
9967
9967
9967
9967
9967
9967
9967
9967
9967
9967
9967
9967
9967
9967
9967
9967
9911
9911
9911
9911
9911
9911
9911
9911
9911
9911
9911
9911
9911
9911
9911
9911
9911
9911
9911
9911
9911
9911
9911
9911
9911
9911
9911
9911
9911
9911
9911
9911
9911
9911
9911
9911
9911
9911
9911
9911
9911
9911
9911
9911
9911
9911
9911
9911
9911
9911
9911
9911
9911
9911
9911
9911
9911
9911
9911
9911
9911
9911
9911
9911
9911
9911
9911
9911
9911
9911
9911
9911
9911
9911
9911
9911
9911
9911
9911
9911
9911
9911
9911
9911
9911
9911
9911
9911
9911
9911
9911
9911
9911
9911
9911
9911
9911
9911
9911
9911
9911
9911
9911
9911
9911
9911
9911
9847
9847
9847
9847
9847
9847
9847
9847
9847
9847
9847
9847
9847
9847
9847
9847
9847
9847
9847
9408
9408
9408
9408
9408
9408
9408
9408
9408
9408
9408
9408
9408
9408
9408
9408
9408
9408
9408
9408
9408
9408
9408
9408
9408
9408
9408
9408
9408
9408
9408
9408
9408
9408
9408
9408
9408
9408
9408
9408
9408
9408
9408
9408
9408
9408
9408
9408
9408
9385
9385
9385
9385
9203
9203
9203
9203
9203
9203
9203
9203
9203
9203
9203
9203
9203
9203
9203
9203
9203
9203
9203
9203
9203
9203
9203
9203
9203
9203
9203
9203
9203
9203
9203
9203
9203
9203
9203
9203
9203
9203
9203
9203
9203
9203
9203
9203
9203
9203
9203
9203
9203
9203
9203
9203
9203
9203
9203
9203
9203
9203
9203
9203
9203
9203
9203
9203
9203
9203
9203
9203
9203
9203
9203
9133
9133
9133
9133
9133
9133
9133
9133
9133
9133
9133
9133
9133
9133
9133
9101
9101
9101
9101
9101
9101
9101
9101
9101
9101
9101
9101
9101
9101
9101
9101
9101
9101
9101
9101
9101
9101
9101
9101
9101
9101
9101
9101
9101
9101
9101
9101
9101
9101
9101
9101
9101
9101
9101
9101
9101
9101
9101
9101
9101
9101
9101
9101
9101
9101
9101
9101
9101
9101
9101
9101
9101
9101
9101
9101
9101
9101
9101
9101
9101
9101
9101
9101
9101
9101
9101
9101
9101
9101
9101
9101
9101
9101
9101
9101
8919
8919
8919
8919
8919
8919
8919
8919
8919
8919
8919
8919
8919
8919
8919
8919
8919
8919
8919
8919
8919
8919
8919
8919
8919
8919
8919
8919
8919
8919
8919
8919
8919
8919
8919
8919
8919
8919
8919
8919
8919
8919
8919
8919
8919
8919
8919
8919
8919
8919
8919
8919
8919
8919
8919
8919
8919
8919
8919
8919
8919
8919
8919
8919
8919
8919
8919
8919
8919
8919
8919
8919
8919
8919
8919
8919
8919
8919
8919
8919
8919
8919
8919
8919
8919
8919
8919
8919
8919
8919
8919
8919
8919
8919
8919
8919
8919
8919
8919
8919
8919
8919
8919
8919
8919
8919
8919
8820
8820
8820
8820
8820
8820
8820
8820
8820
8820
8820
8820
8820
8820
8820
8820
8820
8820
8820
8820
8820
8820
8820
8820
8820
8820
8820
8820
8820
8820
8820
8785
8785
8785
8785
8785
8785
8785
8785
8785
8785
8785
8785
8785
8785
8785
8785
8785
8785
8785
8785
8785
8785
8785
8785
8785
8785
8785
8785
8785
8785
8785
8785
8785
8785
8785
8785
8772
8772
8772
8772
8772
8772
8772
8772
8772
8772
8772
8772
8772
8772
8772
8772
8772
8772
8772
8772
8772
8772
8772
8772
8725
8725
8725
8725
8725
8725
8725
8725
8725
8725
8725
8725
8725
8725
8725
8725
8725
8725
8725
8725
8725
8725
8725
8725
8725
8725
8725
8725
8725
8725
8725
8725
8725
8725
8725
8725
8725
8725
8725
8725
8725
8725
8725
8725
8725
8725
8725
8725
8725
8725
8725
8725
8725
8725
8725
8725
8725
8725
8725
8725
8725
8725
8725
8725
8725
8725
8725
8725
8693
8693
8693
8693
8693
8693
8693
8693
8693
8693
8693
8693
8693
8693
8693
8693
8693
8693
8693
8693
8693
8693
8693
8693
8693
8693
8693
8693
8693
8693
8693
8693
8693
8693
8693
8693
8693
8693
8693
8693
8693
8693
8693
8693
8693
8693
8693
8693
8693
8693
8693
8693
8693
8693
8693
8693
8693
8693
8693
8693
8693
8693
8693
8693
8693
8693
8693
8693
8693
8693
8693
8693
8693
8693
8693
8693
8693
8693
8693
8693
8693
8693
8693
8693
8693
8693
8693
8693
8693
8693
8693
8693
8693
8693
8693
8693
8693
8693
8693
8693
8693
8693
8693
8693
8693
8693
8693
8693
8693
8693
8693
8693
8693
8693
8693
8693
8693
8693
8693
8693
8693
8693
8693
8693
8693
8693
8693
8693
8693
8693
8693
8693
8693
8693
8693
8693
8693
8693
8693
8693
8693
8693
8693
8693
8693
8693
8693
8693
8693
8693
8693
8693
8693
8693
8693
8693
8693
8693
8693
8693
8693
8693
8693
8693
8693
8693
8693
8693
8693
8693
8693
8568
8568
8568
8568
8568
8568
8568
8568
8568
8568
8568
8568
8568
8568
8568
8568
8568
8568
8568
8568
8568
8568
8568
8568
8568
8568
8568
8568
8568
8568
8568
8568
8568
8568
8568
8568
8568
8568
8431
8431
8431
8431
8431
8431
8431
8431
8431
8431
8431
8431
8431
8431
8431
8431
8431
8431
8431
8431
8431
8431
8431
8429
8429
8429
8429
8429
8429
8429
8429
8429
8429
8429
8429
8429
8429
8429
8429
8429
8429
8429
8429
8429
8429
8429
8429
8429
8429
8429
8429
8429
8423
8423
8423
8423
8423
8423
8423
8423
8423
8423
8423
8423
8423
8423
8423
8423
8423
8423
8423
8423
8423
8423
8423
8423
8423
8423
8423
8423
8423
8423
8423
8423
8423
8423
8423
8423
8423
8423
8423
8423
8423
8423
8423
8423
8423
8423
8423
8423
8423
8423
8423
8423
8423
8423
8423
8423
8423
8423
8423
8423
8423
8423
8423
8423
8423
8423
8423
8423
8423
8423
8423
8423
8423
8423
8423
8423
8423
8423
8423
8423
8423
8423
8423
8423
8423
8423
8423
8423
8423
8423
8423
8423
8423
8423
8423
8423
8423
8423
8423
8423
8423
8423
8423
8423
8423
8423
8391
8391
8391
8391
8391
8391
8391
8391
8391
8391
8391
8391
8391
8391
8391
8391
8391
8391
8391
8391
8391
8391
8356
8356
8356
8356
8356
8356
8356
8356
8356
8356
8356
8356
8356
8356
8356
8356
8356
8356
8356
8356
8356
8356
8356
8356
8356
8356
8356
8356
8356
8356
8356
8356
8356
8356
8356
8356
8356
8356
8356
8356
8356
8356
8356
8356
8356
8356
8356
8356
8356
8356
8356
8356
8356
8356
8356
8356
8356
8356
8356
8356
8356
8356
8356
8356
8356
8356
8356
8356
8356
8356
8356
8356
8356
8356
8356
8356
8356
8356
8356
8356
8356
8356
8356
8356
8356
8356
8356
8356
8356
8356
8356
8356
8356
8356
8356
8356
8356
8356
8356
8356
8356
8356
8356
8356
8356
8356
8356
8356
8356
8356
8356
8356
8356
8356
8356
8356
8356
8356
8356
8356
8356
8356
8356
8356
8356
8356
8356
8356
8356
8356
8356
8356
8356
8356
8356
8356
8356
8356
8356
8356
8356
8356
8356
8356
8356
8356
8356
8356
8356
8356
8356
8356
8356
8356
8356
8356
8356
8356
8356
8356
8356
8356
8356
8356
8356
8356
8356
8356
8356
8356
8356
8356
8356
8356
8356
8356
8356
8356
8356
8356
8356
8356
8356
8356
8356
8356
8356
8356
8356
8356
8356
8356
8356
8356
8356
8356
8356
8356
8356
8356
8356
8356
8356
8356
8356
8356
8356
8356
8356
8356
8356
8356
8356
8356
8356
8356
8356
8356
8356
8356
8356
8356
8356
8356
8356
8356
8257
8257
8257
8257
8257
8257
8257
8257
8257
8257
8257
8257
8257
8257
8257
8257
8257
8257
8257
8257
8257
8257
8257
8257
8257
8257
8257
8257
8257
8257
8257
8257
8257
8257
8257
8257
8257
8257
8257
8257
8257
8257
8257
8257
8257
8257
8257
8257
8257
8257
8257
8257
8257
8257
8257
8145
8145
7820
7820
7820
7820
7820
7820
7820
7820
7820
7820
7820
7820
7820
7820
7820
7820
7820
7820
7820
7820
7820
7820
7820
7820
7640
7640
7640
7640
7640
7640
7640
7640
7640
7640
7640
7640
7640
7640
7640
7640
7640
7640
7640
7640
7640
7640
7640
7640
7640
7640
7640
7640
7640
7640
7640
7640
7640
7640
7640
7640
7640
7640
7640
7640
7640
7640
7640
7640
7640
7640
7640
7640
7640
7640
7640
7640
7640
7640
7640
7640
7640
7640
7640
7640
7637
7637
7637
7637
7637
7637
7637
7637
7637
7637
7637
7637
7637
7637
7637
7637
7637
7637
7637
7637
7538
7538
7538
7538
7538
7538
7538
7538
7538
7538
7538
7538
7538
7538
7538
7538
7538
7526
7526
7526
7526
7526
7526
7526
7526
7526
7526
7526
7526
7526
7526
7526
7526
7526
7526
7526
7526
7526
7526
7526
7526
7526
7526
7526
7526
7526
7526
7526
7526
7526
7526
7526
7526
7526
7526
7526
7526
7526
7526
7526
7526
7526
7526
7526
7526
7526
7526
7526
7526
7526
7526
7526
7526
7526
7526
7526
7526
7526
7526
7526
7526
7526
7526
7526
7526
7526
7526
7526
7526
7526
7526
7526
7526
7526
7526
7526
7526
7526
7526
7526
7526
7526
7526
7526
7526
7526
7526
7526
7526
7526
7526
7526
7526
7526
7526
7520
7520
7520
7520
7520
7520
7520
7520
7520
7520
7520
7520
7520
7520
7520
7520
7520
7520
7520
7520
7520
7520
7520
7520
7520
7520
7520
7520
7520
7520
7520
7520
7520
7520
7520
7520
7475
7475
7475
7475
7475
7475
7475
7475
7475
7475
7475
7475
7475
7475
7475
7475
7475
7475
7475
7475
7475
7475
7475
7475
7475
7475
7475
7475
7475
7475
7475
7475
7475
7475
7475
7475
7475
7264
7264
7264
7264
7264
7264
7264
7264
7264
7264
7264
7264
7264
7264
7264
7264
7264
7264
7264
7264
7264
7264
7264
7264
7264
7264
7264
7264
7264
7264
7264
7264
7264
7264
7264
7264
7264
7264
7264
7264
7264
7264
7264
7264
7264
7264
7264
7264
7264
7264
7264
7264
7264
7264
7264
7264
7264
7264
7264
7264
7264
7264
7264
7264
7264
7264
7264
7264
7264
7264
7264
7264
7264
7264
7264
7264
7264
7264
7264
7264
7264
7264
7264
7264
7264
7264
7264
7264
7264
7264
7264
7264
7264
7264
7264
7264
7264
7264
7264
7264
7264
7264
7264
7264
7264
7264
7264
7264
7264
7264
7264
7264
7264
7264
7264
7264
7264
7264
7264
7264
7264
7264
7264
7264
7264
7264
7264
7264
7264
7264
7264
7264
7264
7264
7264
7264
7264
7264
7264
7264
7264
7264
7264
7264
7264
7264
7264
7264
7264
7264
7264
7264
7264
7264
7264
7264
7264
7264
7264
7264
7264
7264
7264
7264
7264
7264
7264
7264
7264
7264
7264
7264
7264
7264
7264
7264
7264
7264
7264
7264
7264
7264
7264
7264
7264
7264
7264
7264
7264
7264
7264
7264
7264
7264
7264
7264
7264
7264
7264
7264
7264
7264
7264
7264
7264
7264
7264
7264
7264
7264
7264
7264
7264
7264
7264
7264
7264
7264
7264
7264
7264
7264
7264
7264
7264
7264
7264
7264
7264
7264
7264
7264
7264
7264
7264
7264
7264
7264
7264
7264
7264
7264
7264
7264
7264
7264
7264
7264
7264
7264
7264
7264
7264
7264
7264
7264
7264
7264
7264
7264
7264
7264
7264
7264
7264
7264
7264
7264
7264
7264
7264
7264
7264
7264
7264
7264
7264
7264
7264
7264
7264
7264
7264
7264
7264
7264
7264
7264
7264
7264
7264
7264
7264
7264
7264
7264
7264
7264
7264
7264
7264
7264
7264
7264
7264
7264
7264
7264
7264
7264
7264
7264
7264
7264
7264
7264
7264
7264
7264
7264
7264
7264
7264
7264
7264
7264
7264
7264
7264
7264
7264
7264
7264
7264
7264
7264
7264
7264
7264
7264
7264
7264
7264
7264
7264
7264
7264
7264
7264
7264
7264
7264
7264
7264
7264
7264
7264
7264
7264
7264
7264
7264
7264
7264
7264
7264
7264
7264
7264
7264
7264
7264
7264
7264
7264
7264
7264
7264
7264
7264
7264
7264
7264
7264
7264
7264
7264
7264
7264
7264
7264
7264
7264
7264
7264
7264
7264
7264
7264
7264
7264
7264
7264
7264
7264
7264
7264
7264
7264
7264
7264
7264
7264
7264
7264
7264
7264
7264
7264
7264
7264
7264
7264
7264
7264
7264
7264
7264
7264
7264
7264
7264
7264
7264
7264
7264
7264
7264
7264
7264
7264
7264
7264
7264
7264
7264
7264
7264
7264
7264
7264
7264
7264
7264
7264
7264
7264
7264
7264
7264
7264
7264
7264
7264
7264
7264
7264
7264
7264
7264
7264
7264
7264
7264
7264
7264
7264
7264
7264
7264
7264
7264
7264
7264
7264
7264
7264
7264
7264
7264
7264
7264
7264
7264
7264
7264
7264
7264
7264
7264
7264
7264
7264
7264
7264
7264
7264
7264
7264
7264
7264
7264
7264
7264
7264
7264
7264
7264
7264
7264
7264
7264
7264
7264
7264
7264
7264
7264
7264
7264
7264
7264
7264
7264
7264
7264
7264
7264
7264
7264
7264
7264
7264
7264
7264
7264
7264
7264
7264
7264
7264
7264
7264
7264
7264
7264
7264
7264
7264
7264
7264
7264
7264
7264
7264
7264
7264
7264
7264
7264
7264
7264
7264
7264
7264
7264
7264
7264
7264
7264
7264
7264
7264
7264
7264
7264
7264
7264
7264
7264
7264
7264
7264
7264
7264
7264
7264
7264
7264
7264
7264
7264
7264
7264
7264
7264
7264
7264
7264
7264
7264
7264
7264
7264
7264
7264
7264
7264
7264
7264
7264
7264
7264
7264
7264
7264
7264
7264
7264
7264
7264
7264
7264
7264
7264
7264
7264
7264
7264
7264
7264
7264
7264
7264
7264
7264
7264
7264
7264
7264
7264
7264
7264
7264
7264
7264
7264
7264
7264
7264
7264
7264
7264
7264
7264
7264
7264
7264
7264
7264
7264
7264
7264
7264
7264
7264
7264
7264
7264
7264
7264
7264
7264
7264
7264
7264
7264
7264
7264
7264
7264
7264
7264
7264
7264
7264
7264
7264
7264
7264
7264
7264
7264
7264
7264
7264
7264
7264
7264
7264
7264
7264
7264
7264
7264
7264
7264
7264
7264
7264
7264
7264
7264
7264
7264
7264
7264
7264
7264
7264
7264
7264
7264
7264
7264
7264
7264
7264
7264
7264
7264
7264
7264
7264
7264
7264
7264
7264
7264
7264
7264
7264
7264
7264
7264
7264
7264
7264
7264
7264
7264
7264
7264
7264
7264
7264
7264
7264
7264
7264
7264
7264
7264
7264
7264
7264
7264
7264
7264
7264
7264
7264
7264
7264
7264
7264
7264
7264
7264
7264
7264
7264
7264
7264
7264
7264
7264
7264
7264
7264
7264
7264
7264
7264
7264
7264
7264
7264
7264
7264
7264
7264
7264
7264
7264
7264
7264
7264
7264
7264
7264
7264
7264
7264
7264
7264
7264
7264
7264
7264
7264
7264
7264
7264
7264
7264
7264
7264
7264
7264
7264
7264
7264
7264
7264
7264
7264
7264
7264
7264
7264
7264
7264
7264
7264
7264
7264
7264
7264
7264
7264
7264
7264
7264
7264
7264
7264
7264
7264
7264
7264
7264
7264
7264
7264
7264
7264
7264
7264
7264
7264
7264
7264
7264
7264
7264
7264
7264
7264
7264
7264
7264
7264
7264
7264
7264
7264
7264
7264
7264
7264
7264
7264
7264
7264
7264
7264
7264
7264
7264
7264
7264
7264
7264
7264
7264
7264
7264
7264
7264
7264
7264
7264
7264
7264
7264
7264
7264
7264
7264
7264
7264
7264
7264
7264
7264
7264
7264
7264
7264
7264
7264
7264
7264
7264
7264
7264
7264
7264
7264
7264
7264
7264
7264
7264
7264
7264
7264
7264
7264
7264
7264
7264
7264
7264
7264
7264
7264
7264
7264
7264
7264
7264
7264
7264
7264
7264
7264
7264
7264
7264
7264
7264
7264
7264
7264
7264
7264
7264
7264
7264
7264
7264
7264
7264
7264
7264
7264
7264
7264
