28673
28887
28692
27273
27126
27367
26801
26853
26830
26437
25284
25762
25748
25832
26315
25971
26592
26564
26424
26953
26920
26906
26588
26056
25568
25568
25699
25699
25279
25255
25040
25040
24980
24739
24354
24041
23496
23496
23637
23515
23515
22596
22596
22596
22596
22596
22596
22578
22346
22346
22346
22346
22346
21903
21354
20955
20955
20955
20955
20955
20882
20738
20738
20267
20267
20267
20267
20267
20267
20267
20267
20267
20140
20140
20140
20140
20140
20140
20103
20103
20103
20103
20103
20103
20103
20103
20103
20103
20103
20103
20103
20103
20103
20103
20103
20103
20103
19732
19732
19732
19605
19605
19605
19605
19605
19605
19444
19444
19444
19444
19444
19444
19444
19444
19444
19444
19444
19444
18727
18727
18384
18384
18384
18055
18055
18055
18055
18055
17827
17827
17827
17827
17827
17827
17827
17827
17827
17827
17827
17827
17827
17827
17821
17516
17516
17516
17516
17516
17516
17516
17174
17174
17174
17174
17174
17174
16989
16989
16989
16989
16768
16768
16768
16388
16388
16388
16388
16388
16388
15471
15471
15471
15471
15471
15471
15471
15471
15471
15359
15359
15359
15359
15359
15359
15359
15359
15359
15359
15359
15359
15359
15346
15346
15346
15346
15346
15346
15346
15346
15346
15346
15346
15346
15346
15346
15183
15183
15183
15183
15183
15183
15183
15183
15183
15183
15083
15083
15083
14474
14474
14474
14344
14344
14344
14344
14344
14344
14344
14344
14344
14344
14344
14344
13864
13450
13450
13450
13450
13450
13450
13430
13430
13430
13430
13430
13430
13430
13430
13229
13229
13229
13229
13229
13225
13225
13225
13205
13205
13205
13205
13205
13205
13205
13142
13142
13142
13142
13142
13142
13142
13142
13142
13142
13142
13142
13142
13142
13142
13142
13142
13142
13142
13142
13142
13142
13142
13142
13142
13142
13142
13142
13142
13142
13142
13090
13090
13090
12423
12423
12423
12423
12423
12423
12423
12423
12423
12423
12423
12423
12423
12423
12423
12423
12423
12423
12423
12423
12423
12423
12423
12423
12423
12423
12423
12423
12423
12423
12423
12423
12423
12423
12423
12423
12423
12423
12423
12423
12423
12423
12423
12241
12241
12241
12241
12241
12241
12241
12241
12241
12241
12241
12241
12241
12145
12145
12145
12145
12145
12145
12145
12145
12145
12145
12145
12145
12145
12145
12145
12145
12145
12145
12145
12145
12145
12145
12145
12145
12066
12066
12066
12066
12066
12066
11903
11903
11903
11903
11903
11903
11903
11874
11874
11874
11874
11874
11874
11874
11874
11874
11874
11874
11874
11874
11874
11874
11874
11874
11874
11874
11874
11874
11874
11874
11874
11874
11874
11874
11874
11874
11874
11874
11874
11874
11873
11873
11873
11873
11873
11873
11873
11873
11873
11873
11873
11873
11873
11873
11161
11161
11161
11161
11161
11161
11161
11161
11161
11161
11161
11161
11161
11161
11161
11161
11161
11161
11161
11161
11069
11069
11069
11069
11069
11069
11069
11069
11069
11069
11069
11069
11069
11069
10837
10837
10837
10837
10837
10837
10488
10488
10488
10488
10488
10488
10488
10488
10488
10488
10488
10488
10488
10488
10488
10488
10488
10488
10488
10488
10488
10488
10488
10488
10488
10488
10488
10488
10488
10488
10488
10488
10488
10488
10488
10488
10488
10488
10488
10488
10488
10488
10488
10488
10488
10488
10488
10488
10488
10488
10488
10488
10488
10488
10488
10488
10488
10484
10484
10484
10484
10484
10484
10484
10484
10484
10484
10484
10484
10484
10484
10484
10484
10484
10484
10484
10484
10484
10484
10484
10484
10394
10394
10394
10394
10394
10394
10394
10394
10394
10394
10235
10046
10046
10046
10046
10046
10046
10046
10046
10046
10046
10046
10046
10046
10046
10046
10046
10046
9968
9968
9968
9968
9968
9968
9968
9968
9968
9968
9968
9968
9968
9968
9968
9968
9968
9968
9968
9968
9968
9968
9968
9968
9968
9968
9968
9968
9968
9968
9968
9968
9953
9953
9953
9953
9953
9953
9953
9953
9953
9953
9953
9953
9953
9953
9953
9953
9953
9953
9953
9953
9953
9832
9832
9832
9832
9832
9832
9832
9832
9832
9832
9832
9832
9832
9832
9832
9832
9796
9796
9796
9796
9796
9796
9796
9796
9796
9796
9752
9752
9752
9752
9752
9752
9752
9752
9752
9752
9752
9752
9752
9741
9741
9741
9741
9741
9741
9741
9741
9494
9053
9053
9053
9053
9053
9053
9053
9053
9045
9045
9045
9045
9045
9045
9045
9045
9045
9045
9045
9045
9045
9045
9045
9045
9045
9045
9045
9045
9045
9045
9045
9045
9045
9045
9045
9045
9045
9045
9045
9045
9045
9045
9045
9045
9045
9045
9045
9045
9045
9045
9045
9045
9045
9045
9045
9045
9045
9045
9045
9045
9045
9045
9045
9045
9045
9045
9045
9045
9045
9045
9045
9045
9045
9045
9045
9045
9045
9045
9045
9045
9045
9045
9045
9045
9045
9045
9045
9045
9045
9009
9009
9009
9009
9009
9009
9009
9009
9009
9009
9009
9009
9009
9009
9009
9009
9009
9009
9009
9009
9009
9008
9008
9008
9008
9008
9008
9008
9008
9008
9008
9008
9008
9008
9008
9008
9008
9008
9008
9008
9005
9005
9005
9005
9005
9005
9005
9005
9005
9005
9005
9005
9005
9005
9005
9005
9005
9005
9005
9005
9005
9005
9005
9005
9005
9005
9005
9005
9005
9005
9005
9005
9005
9005
9005
9005
9005
9005
9005
9005
9005
9005
9005
9005
9005
9005
9005
9005
9005
9005
9005
9005
9005
9005
9005
9005
9005
9005
9005
9005
9005
9005
9005
9005
8831
8831
8831
8831
8831
8831
8831
8831
8831
8831
8831
8831
8831
8831
8831
8831
8831
8831
8831
8831
8831
8826
8826
8826
8826
8826
8826
8826
8826
8826
8826
8826
8826
8826
8826
8826
8826
8826
8826
8826
8826
8826
8826
8826
8826
8826
8826
8826
8826
8826
8826
8826
8826
8826
8826
8826
8826
8826
8826
8826
8826
8826
8826
8826
8826
8826
8826
8826
8826
8059
8059
8059
8059
8059
8059
8059
8059
8059
8059
8059
8059
8059
8059
8059
8059
8059
8059
8059
8059
8059
8059
8059
8059
8059
8059
8059
8059
8059
8059
8059
8059
8059
8056
8056
8056
8056
8056
8056
8056
8056
8056
8056
8056
8056
8056
8056
8056
8056
8056
8056
8056
8056
8056
8056
8056
8056
8056
8056
8056
8056
8056
8056
8056
8056
8056
8051
8051
8051
8051
8051
8051
8051
8051
8051
8051
8051
8051
8051
8051
8051
8051
8051
8051
8051
8051
8051
8051
8051
8051
8051
8051
8051
8051
8051
8051
8051
7883
7883
7883
7883
7883
7883
7883
7883
7865
7865
7865
7865
7865
7865
7865
7865
7865
7865
7865
7865
7865
7865
7865
7865
7865
7865
7865
7865
7865
7865
7865
7865
7865
7865
7865
7865
7865
7865
7865
7865
7865
7865
7865
7865
7865
7865
7865
7865
7865
7865
7865
7865
7865
7865
7865
7865
7865
7865
7865
7865
7865
7865
7865
7865
7865
7865
7865
7865
7865
7865
7865
7865
7865
7865
7865
7865
7865
7865
7865
7865
7865
7865
7865
7865
7865
7865
7865
7865
7865
7865
7865
7865
7601
7601
7601
7601
7601
7601
7601
7601
7601
7601
7601
7601
7601
7601
7601
7601
7601
7601
7601
7601
7601
7601
7601
7601
7601
7601
7601
7601
7601
7601
7601
7601
7601
7601
7601
7601
7601
7601
7601
7601
7601
7601
7601
7601
7601
7601
7601
7601
7601
7601
7601
7601
7601
7601
7601
7601
7601
7601
7601
7601
7601
7601
7601
7601
7601
7601
7601
7601
7601
7601
7601
7601
7601
7601
7601
7601
7601
7601
7601
7601
7601
7601
7601
7601
7601
7601
7601
7601
7601
7601
7601
7601
7601
7601
7601
7601
7601
7601
7601
7601
7601
7601
7601
7601
7601
7601
7601
7600
7600
7600
7600
7600
7600
7600
7600
7600
7600
7600
7600
7600
7600
7600
7600
7600
7600
7600
7600
7600
7600
7600
7600
7600
7600
7600
7600
7600
7600
7600
7600
7600
7600
7600
7600
7600
7600
7600
7600
7565
7565
7565
7565
7565
7565
7565
7565
7565
7565
7565
7565
7565
7565
7565
7565
7565
7565
7565
7565
7565
7565
7565
7565
7565
7565
7565
7565
7565
7565
7565
7565
7565
7565
7565
7565
7565
7565
7565
7565
7565
7565
7565
7565
7565
7565
7565
7565
7432
7432
7432
7432
7432
7432
7432
7432
7432
7432
7432
7432
7432
7432
7432
7432
7432
7432
7432
7432
7432
7432
7432
7432
7432
7432
7432
7432
7432
7432
7432
7432
7432
7432
7432
7432
7432
7432
7432
7432
7432
7432
7432
7432
7432
7432
7432
7432
7432
7432
7432
7432
7432
7432
7432
7432
7432
7432
7432
7432
7432
7432
7432
7432
7432
7432
7432
7432
7432
7432
7432
7432
7432
7432
7432
7432
7432
7432
7432
7432
7432
7432
7432
7432
7432
7432
7432
7432
7432
7432
7432
7432
7432
7432
7432
7432
7432
7432
7432
7432
7432
7432
7432
7432
7432
7432
7432
7432
7432
7432
7432
7432
7432
7432
7432
7432
7432
7432
7432
7432
7432
7432
7432
7432
7432
7432
7432
7432
7432
7432
7432
7432
7432
7432
7432
7432
7432
7432
7432
7432
7432
7432
7432
7432
7432
7432
7432
7432
7432
7432
7432
7432
7432
7432
7432
7432
7432
7432
7432
7432
7432
7432
7432
7432
7432
7432
7432
7432
7432
7432
7432
7432
7432
7432
7432
7432
7432
7432
7432
7432
7432
7432
7432
7432
7432
7432
7432
7432
7432
7432
7432
7432
7432
7432
7432
7432
7432
7432
7432
7432
7432
7432
7432
7432
7432
7432
7432
7432
7432
7432
7432
7432
7432
7432
7432
7432
7432
7432
7432
7432
7432
7432
7432
7432
7432
7432
7432
7432
7432
7432
7348
7348
7348
7348
7348
7348
7348
7348
7348
7348
7348
7348
7348
7348
7348
7348
7348
7348
7348
7348
7348
7348
7348
7348
7348
7348
7348
7348
7348
7348
7348
7348
7348
7348
7348
7348
7348
7348
7348
7348
7348
7348
7348
7348
7348
7348
7348
7348
7348
7348
7348
7348
7348
7348
7315
7315
7313
7313
7313
7313
7313
7313
7313
7313
7313
7313
7313
7313
7313
7313
7313
7313
7313
7313
7313
7313
7313
7313
7313
7313
7313
7313
7313
7313
7313
7313
7313
7313
7313
7313
7313
7313
7313
7313
7313
7313
7313
7313
7313
7313
7313
7313
7313
7313
7313
7313
7313
7313
7313
7313
7313
7313
7313
7313
7313
7313
7313
7313
7313
7313
7313
7313
7313
7313
7313
7313
7313
7313
7313
7313
7313
7313
7313
7313
7313
7313
7313
7313
7313
7313
7313
7313
7313
7313
7313
7313
7313
7313
7313
7313
7313
7313
7313
7313
7313
7313
7313
7313
7313
7313
7313
7313
7313
7313
7313
7313
7313
7313
7313
7313
7313
7313
7313
7313
7313
7313
7313
7313
7313
7313
7313
7313
7313
7313
7313
7313
7313
7313
7313
7313
7313
7313
7313
7313
7313
7313
7313
7313
7313
7313
7313
7313
7313
7313
7313
7313
7313
7313
7313
7313
7313
7313
7313
7313
7313
7313
7313
7313
7313
7313
7313
7313
7313
7313
7313
7313
7313
7313
7313
7313
7313
7313
7313
7313
7313
7313
7313
7313
7313
7313
7313
7313
7313
7313
7313
7313
7313
7313
7313
7313
7313
7313
7313
7313
7313
7313
7313
7313
7313
7313
7313
7313
7313
7313
7313
7313
7313
7313
7313
7313
7313
7313
7313
7313
7313
7313
7313
7313
7313
7313
7313
7313
7313
7313
7313
7313
7313
7313
7313
7313
7313
7313
7313
7313
7313
7313
7313
7313
7313
7313
7313
7313
7313
7313
7313
7313
7313
7313
7313
7313
7313
7313
7313
7313
7313
7313
7313
7313
7313
7313
7313
7313
7313
7313
7313
7313
7313
7313
7313
7313
7313
7313
7313
7313
7313
7313
7313
7313
7313
7313
7313
7313
7313
7313
7313
7313
7313
7313
7313
7313
7313
7313
7313
7313
7313
7313
7313
7313
7313
7313
7313
7313
7313
7313
7294
7294
7294
7294
7294
7294
7294
7294
7294
7294
7294
7294
7294
7294
7294
7294
7294
7294
7294
7294
7294
7294
7294
7294
7294
7294
7294
7294
7294
7294
7294
7294
7294
7294
7294
7294
7294
7294
7294
7294
7294
7294
7294
7294
7294
7294
7294
7294
7294
7294
7294
7294
7294
7294
7294
7294
7294
7294
7294
7294
7294
7294
7294
7294
7294
7294
7294
7294
7294
7294
7294
7294
7294
7294
7294
7294
7294
7294
7294
7294
7294
7294
7294
7294
7294
7294
7294
7294
7294
7294
7294
7294
7294
7294
7294
7294
7294
7294
7294
7294
7294
7294
7294
7294
7294
7294
7294
7294
7294
7294
7294
7294
7294
7294
7294
7294
7294
7294
7294
7294
7294
7294
7294
7294
7294
7294
7294
7294
7294
7294
7294
7294
7294
7294
7294
7294
7294
7294
7294
7294
7294
7294
7294
7294
7294
7294
7294
7294
7294
7294
7294
7294
7294
7294
7294
7294
7294
7294
7294
7294
7294
7294
7294
7294
7294
7294
7294
7294
7294
7294
7294
7294
7294
7294
7294
7294
7294
7294
7294
7294
7294
7294
7294
7294
7294
7294
7294
7294
7294
7294
7294
7294
7294
7294
7294
7294
7294
7294
7294
7294
7294
7294
7294
7294
7294
7294
7294
7294
7294
7294
7294
7294
7294
7294
7294
7294
7294
7294
7294
7294
7294
7294
7294
7294
7294
7294
7294
7294
7294
7294
7294
7294
7294
7294
7294
7294
7294
7294
7294
7294
7294
7294
7294
7294
7294
7294
7294
7294
7294
7294
7294
7294
7294
7294
7294
7294
7294
7294
7294
7294
7294
7294
7294
7294
7294
7294
7294
7294
7294
7294
7294
7294
7294
7294
7294
7294
7294
7294
7294
7294
7294
7294
7294
7294
7294
7294
7294
7294
7294
7294
7294
7294
7294
7294
7294
7294
7294
7294
7294
7294
7294
7294
7294
7294
7294
7294
7294
7294
7294
7294
7294
7294
7294
7294
7294
7294
7294
7294
7294
7294
7294
7294
7294
7294
7294
7294
7294
7294
7294
7294
7294
7294
7294
7294
7294
7294
7294
7294
7294
7294
7294
7294
7294
7294
7294
7294
7294
7294
7294
7294
7294
7294
7294
7294
7294
7294
7294
7294
7294
7294
7294
7294
7294
7294
7294
7294
7294
7294
7294
7294
7294
7294
7294
7294
7294
7294
7294
7294
7294
7294
7294
7294
7294
7294
7294
7294
7294
7294
7294
7294
7294
7294
7294
7294
7294
7294
7294
7294
7294
7294
7294
7294
7294
7294
7294
7294
7294
7294
7294
7294
7294
7294
7294
7294
7294
7294
7294
7294
7294
7294
7294
7294
7294
7294
7294
7294
7294
7294
7294
7294
7294
7294
7294
7294
7294
7294
7294
7294
7294
7294
7294
7294
7294
7294
7294
7294
7294
7294
7294
7294
7294
7294
7294
7294
7294
7294
7294
7294
7294
7294
7294
7294
7294
7294
7294
7294
7294
7294
7294
7294
7294
7294
7294
7294
7294
7294
7294
7294
7294
7294
7294
7294
7294
7294
7294
7294
7294
7294
7294
7294
7294
7294
7294
7294
7294
7294
7294
7294
7294
7294
7294
7294
7294
7294
7294
7294
7294
7294
7294
7294
7294
7294
7294
7294
7294
7294
7294
7294
7294
7294
7294
7294
7294
7294
7294
7194
7194
7194
7194
7194
7194
7194
7194
7194
7194
7194
7194
7194
7194
7194
7194
7194
7194
7194
7194
7194
7194
7194
7194
7194
7194
7194
7194
7194
7194
7194
7194
7194
7194
7194
7194
7194
7194
7194
7194
7194
7194
7194
7194
7194
7194
7194
7194
7194
7194
7194
7194
7194
7194
7194
7194
7194
7194
7194
7194
7194
7194
7194
7194
7194
7194
7194
7194
7194
7194
7194
7194
7194
7194
7194
7194
7194
7194
7194
7194
7194
7194
7194
7194
7194
7194
7194
7194
7194
7194
7194
7194
7194
7194
7194
7194
7194
7194
7194
7194
7194
7194
7194
7194
7194
7194
7194
7194
7194
7194
7194
7194
7194
7194
7194
7194
7194
7194
7194
7194
7194
7194
7194
7194
7194
7194
7194
7194
7194
7194
7194
7194
7194
7194
7194
7194
7194
7194
7194
7194
7194
7194
7194
7194
7194
7194
7194
7194
7194
7194
7194
7194
7194
7194
7194
7194
7194
7194
7194
7194
7194
7194
7194
7194
7194
7194
7194
7194
7194
7194
7184
7184
7184
7184
7184
7184
7184
7184
7184
7184
7184
7184
7184
7184
7184
7184
7184
7184
7184
7184
7184
7184
7184
7184
7184
7184
7184
7184
7184
7184
7184
7184
7184
7184
7184
7184
7184
7184
7184
7184
7184
7184
7184
7184
7184
7184
7184
7184
7184
7184
7184
7184
7184
7184
7184
7184
7184
7184
7184
7184
7184
7184
7184
7184
7184
7184
7184
7184
7184
7184
7184
7184
7184
7184
7184
7184
7184
7184
7184
7184
7184
7184
7184
7184
7184
7184
7184
7184
7184
7184
7184
7184
7184
7184
7184
7184
7184
7184
7184
7184
7184
7184
7184
7184
7184
7184
7184
7184
7184
7184
7184
7184
7184
7184
7184
7184
7184
7184
7184
7184
7184
7184
7184
7184
7184
7184
7184
7184
7184
7184
7184
7184
7184
7184
7184
7184
7184
7184
7184
7184
7184
7184
7184
7184
7184
7184
7184
7184
7184
7184
7184
7184
7184
7184
7184
7184
7184
7184
7184
7184
7184
7184
7184
7184
7184
7184
7184
7184
7184
7184
7184
7184
7184
7184
7184
7184
7184
7184
7184
7184
7184
7184
7184
7184
7184
7184
7184
7184
7184
7184
7184
7184
7184
7184
7184
7184
7184
7184
7184
7184
7184
7184
7184
7184
7184
7184
7184
7184
7184
7184
7184
7184
7184
7184
7184
7184
7184
7184
7184
7184
7184
7184
7184
7184
7184
7184
7184
7184
7184
7184
7184
7184
7184
7184
7184
7184
7184
7184
7184
7184
7184
7184
7184
7184
7184
7184
7184
7184
7184
7184
7184
7184
7184
7184
7184
7184
7184
7184
7184
7184
7184
7184
7184
7184
7184
7184
7184
7184
7184
7184
7184
7184
7184
7184
7184
7184
7093
7093
7093
7093
7093
7093
7093
7093
7093
7093
7093
7093
7093
7093
7093
7093
7093
7093
7093
7093
7093
7093
7093
7093
7093
7093
7093
7093
7093
7093
7093
7093
7093
7093
7093
7093
7093
7093
7093
7093
7093
7093
7093
7093
7093
7093
7093
7093
7093
7093
7093
7093
7093
7093
7093
7093
7093
7093
7093
7093
7093
7093
7093
7093
7093
7093
7093
7093
7093
7093
7093
7093
7093
7093
7093
7093
7093
7093
7093
7093
7093
7093
7093
7093
7093
7093
7093
7093
7093
7093
7093
7093
7093
7093
7093
7093
7093
7093
7093
7093
7093
7093
7093
7093
7093
7093
7093
7093
7093
7093
7093
7093
7093
7093
7093
7093
7093
7093
7093
7093
7093
7093
7093
7093
7093
7093
7093
7093
7093
7093
7093
7093
7093
7093
7093
7093
7093
7093
7093
7093
7093
7093
7093
7093
7093
7093
7093
7093
7093
7093
7093
7093
7080
7080
7080
7080
7080
7080
7078
7078
7078
7078
7078
7078
7078
7078
7078
7078
7078
7078
7078
7078
7078
7078
7078
7078
7078
7078
7078
7078
7078
7078
7078
7078
7078
7078
7078
7078
7078
7078
7078
7078
7078
7078
7078
7078
7078
7078
7078
7078
7078
7078
7078
7078
7078
7078
7078
7078
7078
7078
7078
7078
7078
7078
7078
7078
7078
7078
7078
7078
7078
7078
7078
7078
7078
7078
7078
7078
7078
7078
7078
7078
7078
7078
7078
7078
7078
7078
7078
7078
7078
7078
7078
7078
7078
7078
7078
7078
7078
7078
7078
7078
7078
7078
7078
7078
7078
7078
7078
7078
7078
7078
7078
7078
7078
7078
7078
7078
7078
7078
7078
7078
7078
7078
7078
7078
7078
7078
7078
7078
7078
7078
7078
7078
7078
7078
7078
7078
7078
7078
7078
7078
7078
7078
7078
7078
7078
7078
7078
7078
7078
7078
7078
7078
7078
7078
7078
7078
7078
7078
7078
7078
7078
7078
7078
7078
7078
7078
7078
7078
7078
7078
7078
7078
7078
7078
7078
7078
7078
7078
7078
7078
7078
7078
7078
7078
7078
7078
7078
7078
7078
7078
7078
7078
7078
7078
7078
7078
7078
7078
7078
7078
7078
7078
7078
7078
7078
7078
7078
7078
7078
7078
7078
7078
7078
7078
7078
7078
7078
7078
7078
7078
7078
7078
7078
7078
7078
7078
7078
7078
7078
7078
7078
7078
7078
7078
7078
7078
7078
7078
7078
7078
7078
7078
7078
7078
7078
7078
7078
7078
7078
7078
7078
7078
7078
7078
7078
7078
7078
7078
7078
7078
7078
7078
7078
7078
7078
7078
7078
7078
7078
7078
7078
7078
7078
7078
7078
7078
7078
7078
7078
7078
7078
7078
7078
7078
7078
7078
7078
7078
7078
7078
7078
7078
7078
7078
7078
7078
7078
7078
7078
7078
7078
7078
7078
7078
7078
7078
7078
7078
7078
7078
7078
7078
7078
7078
7078
7078
7078
7078
7078
7078
7078
7078
7078
7078
7078
7078
7078
7078
7078
7078
7078
7078
7078
7078
7078
7078
7078
7078
7078
7078
7078
7078
7078
7078
7078
7078
7078
7078
7078
7078
7078
7078
7078
7078
7078
7078
7078
7078
7078
7078
7078
7078
7078
7078
7078
7078
7078
7078
7078
7078
7078
7078
7078
7078
7078
7078
7078
7078
7078
7078
7078
7078
7078
7078
7078
7078
7078
7078
7078
7078
7078
7078
7078
7078
7078
7078
7078
7078
7078
7078
7078
7078
7078
7078
7078
7078
7078
7078
7078
7078
7078
7078
7078
7078
7078
7078
7078
7078
7078
7078
7078
7078
7078
7078
7078
7078
7078
7078
7078
7078
7078
7078
7078
7078
7078
7078
7078
7078
7078
7078
7078
7078
7078
7078
7078
7078
7078
7078
7078
7078
7078
7078
7078
7078
7078
7078
7078
7078
7078
7078
7078
7078
7078
7078
7078
7078
7078
7078
7078
7078
7078
7078
7078
7078
7078
7078
7078
7078
7078
7078
7078
7078
7078
7078
7078
7078
7078
7078
7078
7078
7078
7078
7078
7078
7078
7078
7078
7078
7078
7078
7078
7078
7078
7078
7078
7078
7078
7078
7078
7078
7078
7078
7078
7078
7078
7078
7078
7078
7078
7078
7078
7078
7078
7078
7078
7078
7078
7078
7078
7078
7078
7078
7078
7078
7078
7078
7078
7078
7078
7078
7078
7078
7078
7078
7078
7078
7078
7078
7078
7078
7078
7078
7078
7078
7078
7078
7078
7078
7078
7078
7078
7078
7078
7078
7078
7078
7078
7078
7078
7078
7078
7078
7078
7078
7078
7078
7078
7078
7078
7078
7078
7078
7078
7078
7078
7078
7078
7078
7078
7078
7078
7078
7078
7078
7078
7078
7078
7078
7078
7078
7078
7078
7078
7078
7078
7078
7078
7078
7078
7078
7078
7078
7078
7078
7078
7078
7078
7078
7078
7078
7078
7078
7078
7078
7078
7078
7078
7078
7078
7078
7078
7078
7078
7078
7078
7078
7078
7078
7078
7078
7078
7078
7078
7078
7078
7078
7078
7078
7078
7078
7078
7078
7078
7078
7078
7078
7078
7078
7078
7078
7078
7078
7078
7078
7078
7078
7078
7078
7078
7078
7078
7078
7078
7078
7078
7078
7078
7078
7078
7078
7078
7078
7078
7078
7078
7078
7078
7078
7078
7078
7078
7078
7078
7078
7078
7078
7078
7078
7078
7078
7078
7078
7078
7078
7078
7078
7078
7078
7078
7078
7078
7078
7078
7078
7078
7078
7078
7078
7078
7078
7078
7078
7078
7078
7078
7078
7078
7078
7078
7078
7078
7078
7078
7078
7078
7078
7078
7078
7078
7078
7078
7078
7078
7078
7078
7078
7078
7078
7078
7078
7078
7078
7078
7078
7078
7078
7078
7078
7078
7078
7078
7078
7078
7078
7078
7078
7078
7078
7078
7078
7078
7078
7078
7078
7078
7078
7078
7078
7078
7078
7078
7078
7078
7078
7078
7078
7078
7078
7078
7078
7078
7078
7078
7078
7078
7078
7078
7078
7078
7078
7078
7078
7078
7078
7078
7078
7078
7078
7078
7078
7078
7078
7078
7078
7078
7078
7078
7078
7078
7078
7078
7078
7078
7078
7078
7078
7078
7078
7078
7078
7078
7078
7078
7078
7078
7078
7078
7078
7078
7078
7078
7078
7078
7078
7078
7078
7078
7078
7078
7078
7078
7078
7078
7078
7078
7078
7078
7078
7078
7078
7078
7078
7078
7078
7078
7078
7078
7078
7078
7078
7078
7078
7078
7078
7078
7078
7078
7078
7078
7078
7078
7078
7078
7078
7078
7078
7078
7078
7078
7078
7078
7078
7078
7078
7078
7078
7078
7078
7078
7078
7078
7078
7078
7078
7078
7078
7078
7078
7078
7078
7078
7078
7078
7078
7078
7078
7078
7078
7078
7078
7078
7078
7078
7078
7078
7078
7078
7078
7078
7078
7078
7078
7078
7078
7078
7078
7078
7078
7078
7078
7078
7078
7078
7078
7078
7078
7078
7078
7078
7078
7078
7078
7078
7078
7078
7078
7078
7078
7078
7078
7078
7078
7078
7078
7078
7078
7078
7078
7078
7078
7078
7078
7078
7078
7078
7078
7078
7078
7078
7078
7078
7078
7078
7078
7078
7078
7078
7078
7078
7078
7078
7078
7078
7078
7078
7078
7078
7078
7078
7078
7078
7078
7078
