15000000
15000000
14985000
14970015
14955044
14940089
14925149
14910224
14895314
14880419
14865538
14850673
14835822
14820986
14806165
14791359
14776568
14761791
14747029
14732282
14717550
14702832
14688130
14673442
14658768
14644109
14629465
14614836
14600221
14585621
14571035
14556464
14541908
14527366
14512838
14498325
14483827
14469343
14454874
14440419
14425979
14411553
14397141
14382744
14368361
14353993
14339639
14325299
14310974
14296663
14282366
14268084
14253816
14239562
14225322
14211097
14196886
14182689
14168506
14154338
14140184
14126043
14111917
14097805
14083708
14069624
14055554
14041499
14027457
14013430
13999416
13985417
13971432
13957460
13943503
13929559
13915630
13901714
13887812
13873924
13860051
13846190
13832344
13818512
13804693
13790889
13777098
13763321
13749557
13735808
13722072
13708350
13694642
13680947
13667266
13653599
13639945
13626305
13612679
13599066
13585467
13571882
13558310
13544752
13531207
13517676
13504158
13490654
13477163
13463686
13450222
13436772
13423335
13409912
13396502
13383105
13369722
13356353
13342996
13329653
13316324
13303007
13289704
13276415
13263138
13249875
13236625
13223389
13210165
13196955
13183758
13170574
13157404
13144246
13131102
13117971
13104853
13091748
13078656
13065578
13052512
13039460
13026420
13013394
13000380
12987380
12974393
12961418
12948457
12935508
12922573
12909650
12896741
12883844
12870960
12858089
12845231
12832386
12819553
12806734
12793927
12781133
12768352
12755584
12742828
12730085
12717355
12704638
12691933
12679241
12666562
12653895
12641242
12628600
12615972
12603356
12590752
12578162
12565583
12553018
12540465
12527924
12515396
12502881
12490378
12477888
12465410
12452944
12440492
12428051
12415623
12403207
12390804
12378413
12366035
12353669
12341315
12328974
12316645
12304328
12292024
12279732
12267452
12255185
12242930
12230687
12218456
12206237
12194031
12181837
12169655
12157486
12145328
12133183
12121050
12108929
12096820
12084723
12072638
12060566
12048505
12036457
12024420
12012396
12000383
11988383
11976394
11964418
11952454
11940501
11928561
11916632
11904715
11892811
11880918
11869037
11857168
11845311
11833466
11821632
11809810
11798001
11786203
11774416
11762642
11750879
11739128
11727389
11715662
11703946
11692242
11680550
11668870
11657201
11645543
11633898
11622264
11610642
11599031
11587432
11575845
11564269
11552705
11541152
11529611
11518081
11506563
11495056
11483561
11472078
11460606
11449145
11437696
11426258
11414832
11403417
11392014
11380622
11369241
11357872
11346514
11335168
11323832
11312509
11301196
11289895
11278605
11267326
11256059
11244803
11233558
11222325
11211102
11199891
11188691
11177503
11166325
11155159
11144004
11132860
11121727
11110605
11099494
11088395
11077306
11066229
11055163
11044108
11033064
11022031
11011009
10999998
10988998
10978009
10967031
10956064
10945107
10934162
10923228
10912305
10901393
10890491
10879601
10868721
10857852
10846995
10836148
10825311
10814486
10803672
10792868
10782075
10771293
10760522
10749761
10739011
10728272
10717544
10706827
10696120
10685424
10674738
10664064
10653399
10642746
10632103
10621471
10610850
10600239
10589639
10579049
10568470
10557901
10547344
10536796
10526259
10515733
10505217
10494712
10484218
10473733
10463260
10452796
10442344
10431901
10421469
10411048
10400637
10390236
10379846
10369466
10359097
10348737
10338389
10328050
10317722
10307405
10297097
10286800
10276513
10266237
10255971
10245715
10235469
10225233
10215008
10204793
10194588
10184394
10174209
10164035
10153871
10143717
10133574
10123440
10113316
10103203
10093100
10083007
10072924
10062851
10052788
10042735
10032693
10022660
10012637
10002625
9992622
9982629
9972647
9962674
9952711
9942759
9932816
9922883
9912960
9903047
9893144
9883251
9873368
9863494
9853631
9843777
9833934
9824100
9814275
9804461
9794657
9784862
9775077
9765302
9755537
9745781
9736036
9726299
9716573
9706857
9697150
9687453
9677765
9668087
9658419
9648761
9639112
9629473
9619844
9610224
9600613
9591013
9581422
9571840
9562269
9552706
9543154
9533610
9524077
9514553
9505038
9495533
9486038
9476552
9467075
9457608
9448150
9438702
9429264
9419834
9410414
9401004
9391603
9382211
9372829
9363456
9354093
9344739
9335394
9326059
9316733
9307416
9298108
9288810
9279522
9270242
9260972
9251711
9242459
9233217
9223983
9214759
9205545
9196339
9187143
9177956
9168778
9159609
9150449
9141299
9132158
9123025
9113902
9104788
9095684
9086588
9077501
9068424
9059355
9050296
9041246
9032205
9023172
9014149
9005135
8996130
8987134
8978147
8969169
8960199
8951239
8942288
8933346
8924412
8915488
8906572
8897666
8888768
8879879
8870999
8862128
8853266
8844413
8835569
8826733
8817906
8809088
8800279
8791479
8782688
8773905
8765131
8756366
8747610
8738862
8730123
8721393
8712672
8703959
8695255
8686560
8677873
8669195
8660526
8651865
8643214
8634570
8625936
8617310
8608693
8600084
8591484
8582892
8574309
8565735
8557169
8548612
8540064
8531524
8522992
8514469
8505955
8497449
8488951
8480462
8471982
8463510
8455046
8446591
8438145
8429706
8421277
8412855
8404443
8396038
8387642
8379254
8370875
8362504
8354142
8345788
8337442
8329104
8320775
8312455
8304142
8295838
8287542
8279255
8270975
8262704
8254442
8246187
8237941
8229703
8221473
8213252
8205039
8196834
8188637
8180448
8172268
8164095
8155931
8147775
8139628
8131488
8123357
8115233
8107118
8099011
8090912
8082821
8074738
8066663
8058597
8050538
8042488
8034445
8026411
8018384
8010366
8002355
7994353
7986359
7978372
7970394
7962424
7954461
7946507
7938560
7930622
7922691
7914768
7906854
7898947
7891048
7883157
7875274
7867398
7859531
7851671
7843820
7835976
7828140
7820312
7812491
7804679
7796874
7789077
7781288
7773507
7765734
7757968
7750210
7742460
7734717
7726982
7719255
7711536
7703825
7696121
7688425
7680736
7673056
7665382
7657717
7650059
7642409
7634767
7627132
7619505
7611886
7604274
7596669
7589073
7581484
7573902
7566328
7558762
7551203
7543652
7536108
7528572
7521044
7513523
7506009
7498503
7491005
7483514
7476030
7468554
7461085
7453624
7446171
7438725
7431286
7423855
7416431
7409014
7401605
7394204
7386809
7379423
7372043
7364671
7357306
7349949
7342599
7335257
7327921
7320593
7313273
7305960
7298654
7291355
7284064
7276780
7269503
7262233
7254971
7247716
7240468
7233228
7225995
7218769
7211550
7204338
7197134
7189937
7182747
7175564
7168389
7161220
7154059
7146905
7139758
7132618
7125486
7118360
7111242
7104131
7097026
7089929
7082839
7075757
7068681
7061612
7054551
7047496
7040449
7033408
7026375
7019348
7012329
7005317
6998311
6991313
6984322
6977337
6970360
6963390
6956426
6949470
6942520
6935578
6928642
6921714
6914792
6907877
6900969
6894068
6887174
6880287
6873407
6866533
6859667
6852807
6845954
6839108
6832269
6825437
6818612
6811793
6804981
6798176
6791378
6784587
6777802
6771024
6764253
6757489
6750731
6743981
6737237
6730499
6723769
6717045
6710328
6703618
6696914
6690217
6683527
6676844
6670167
6663497
6656833
6650176
6643526
6636883
6630246
6623615
6616992
6610375
6603764
6597161
6590563
6583973
6577389
6570812
6564241
6557677
6551119
6544568
6538023
6531485
6524954
6518429
6511910
6505398
6498893
6492394
6485902
6479416
6472936
6466463
6459997
6453537
6447083
6440636
6434196
6427761
6421334
6414912
6408497
6402089
6395687
6389291
6382902
6376519
6370142
6363772
6357409
6351051
6344700
6338355
6332017
6325685
6319359
6313040
6306727
6300420
6294120
6287826
6281538
6275256
6268981
6262712
6256449
6250193
6243943
6237699
6231461
6225230
6219004
6212785
6206573
6200366
6194166
6187971
6181784
6175602
6169426
6163257
6157093
6150936
6144785
6138641
6132502
6126369
6120243
6114123
6108009
6101901
6095799
6089703
6083613
6077530
6071452
6065381
6059315
6053256
6047203
6041156
6035114
6029079
6023050
6017027
6011010
6004999
5998994
5992995
5987002
5981015
5975034
5969059
5963090
5957127
5951170
5945219
5939273
5933334
5927401
5921473
5915552
5909636
5903727
5897823
5891925
5886033
5880147
5874267
5868393
5862524
5856662
5850805
5844954
5839109
5833270
5827437
5821610
5815788
5809972
5804162
5798358
5792560
5786767
5780980
5775199
5769424
5763655
5757891
5752133
5746381
5740635
5734894
5729159
5723430
5717707
5711989
5706277
5700571
5694870
5689175
5683486
5677803
5672125
5666453
5660786
5655125
5649470
5643821
5638177
5632539
5626906
5621279
5615658
5610042
5604432
5598828
5593229
5587636
5582048
5576466
5570890
5565319
5559754
5554194
5548640
5543091
5537548
5532010
5526478
5520952
5515431
5509915
5504406
5498901
5493402
5487909
5482421
5476938
5471462
5465990
5460524
5455064
5449609
5444159
5438715
5433276
5427843
5422415
5416992
5411575
5406164
5400758
5395357
5389962
5384572
5379187
5373808
5368434
5363066
5357703
5352345
5346993
5341646
5336304
5330968
5325637
5320311
5314991
5309676
5304366
5299062
5293763
5288469
5283180
5277897
5272619
5267347
5262079
5256817
5251560
5246309
5241063
5235821
5230586
5225355
5220130
5214910
5209695
5204485
5199281
5194081
5188887
5183698
5178515
5173336
5168163
5162995
5157832
5152674
5147521
5142374
5137231
5132094
5126962
5121835
5116713
5111596
5106485
5101378
5096277
5091181
5086089
5081003
5075922
5070846
5065776
5060710
5055649
5050593
5045543
5040497
5035457
5030421
5025391
5020365
5015345
5010330
5005319
5000314
4995314
4990318
4985328
4980343
4975363
4970387
4965417
4960451
4955491
4950535
4945585
4940639
4935699
4930763
4925832
4920906
4915985
4911069
4906158
4901252
4896351
4891455
4886563
4881677
4876795
4871918
4867046
4862179
4857317
4852460
4847607
4842760
4837917
4833079
4828246
4823418
4818594
4813776
4808962
4804153
4799349
4794549
4789755
4784965
4780180
4775400
4770624
4765854
4761088
4756327
4751571
4746819
4742072
4737330
4732593
4727860
4723132
4718409
4713691
4708977
4704268
4699564
4694864
4690169
4685479
4680794
4676113
4671437
4666765
4662099
4657437
4652779
4648126
4643478
4638835
4634196
4629562
4624932
4620307
4615687
4611071
4606460
4601854
4597252
4592655
4588062
4583474
4578890
4574312
4569737
4565167
4560602
4556042
4551486
4546934
4542387
4537845
4533307
4528774
4524245
4519721
4515201
4510686
4506175
4501669
4497167
4492670
4488177
4483689
4479205
4474726
4470252
4465781
4461316
4456854
4452397
4447945
4443497
4439054
4434614
4430180
4425750
4421324
4416903
4412486
4408073
4403665
4399261
4394862
4390467
4386077
4381691
4377309
4372932
4368559
4364190
4359826
4355466
4351111
4346760
4342413
4338071
4333732
4329399
4325069
4320744
4316424
4312107
4307795
4303487
4299184
4294885
4290590
4286299
4282013
4277731
4273453
4269180
4264910
4260645
4256385
4252128
4247876
4243628
4239385
4235145
4230910
4226679
4222453
4218230
4214012
4209798
4205588
4201383
4197181
4192984
4188791
4184602
4180418
4176237
4172061
4167889
4163721
4159557
4155398
4151242
4147091
4142944
4138801
4134662
4130528
4126397
4122271
4118148
4114030
4109916
4105806
4101701
4097599
4093501
4089408
4085318
4081233
4077152
4073075
4069002
4064933
4060868
4056807
4052750
4048697
4044648
4040604
4036563
4032527
4028494
4024466
4020441
4016421
4012404
4008392
4004383
4000379
3996379
3992382
3988390
3984402
3980417
3976437
3972460
3968488
3964519
3960555
3956594
3952638
3948685
3944736
3940792
3936851
3932914
3928981
3925052
3921127
3917206
3913289
3909375
3905466
3901561
3897659
3893761
3889868
3885978
3882092
3878210
3874331
3870457
3866587
3862720
3858857
3854999
3851144
3847292
3843445
3839602
3835762
3831926
3828094
3824266
3820442
3816622
3812805
3808992
3805183
3801378
3797577
3793779
3789985
3786195
3782409
3778627
3774848
3771073
3767302
3763535
3759771
3756011
3752255
3748503
3744755
3741010
3737269
3733532
3729798
3726068
3722342
3718620
3714901
3711186
3707475
3703768
3700064
3696364
3692668
3688975
3685286
3681601
3677919
3674241
3670567
3666896
3663229
3659566
3655907
3652251
3648598
3644950
3641305
3637664
3634026
3630392
3626761
3623135
3619512
3615892
3612276
3608664
3605055
3601450
3597849
3594251
3590657
3587066
3583479
3579895
3576316
3572739
3569166
3565597
3562032
3558470
3554911
3551356
3547805
3544257
3540713
3537172
3533635
3530101
3526571
3523045
3519522
3516002
3512486
3508974
3505465
3501959
3498457
3494959
3491464
3487972
3484484
3481000
3477519
3474041
3470567
3467097
3463630
3460166
3456706
3453249
3449796
3446346
3442900
3439457
3436017
3432581
3429149
3425720
3422294
3418872
3415453
3412037
3408625
3405217
3401811
3398410
3395011
3391616
3388225
3384836
3381452
3378070
3374692
3371317
3367946
3364578
3361213
3357852
3354494
3351140
3347789
3344441
3341097
3337755
3334418
3331083
3327752
3324424
3321100
3317779
3314461
3311147
3307835
3304528
3301223
3297922
3294624
3291329
3288038
3284750
3281465
3278184
3274906
3271631
3268359
3265091
3261826
3258564
3255305
3252050
3248798
3245549
3242304
3239061
3235822
3232586
3229354
3226124
3222898
3219675
3216456
3213239
3210026
3206816
3203609
3200406
3197205
3194008
3190814
3187623
3184435
3181251
3178070
3174892
3171717
3168545
3165377
3162211
3159049
3155890
3152734
3149581
3146432
3143285
3140142
3137002
3133865
3130731
3127600
3124473
3121348
3118227
3115109
3111993
3108882
3105773
3102667
3099564
3096465
3093368
3090275
3087185
3084097
3081013
3077932
3074854
3071779
3068708
3065639
3062573
3059511
3056451
3053395
3050341
3047291
3044244
3041199
3038158
3035120
3032085
3029053
3026024
3022998
3019975
3016955
3013938
3010924
3007913
3004905
3001900
2998898
2995899
2992904
2989911
2986921
2983934
2980950
2977969
2974991
2972016
2969044
2966075
2963109
2960146
2957186
2954228
2951274
2948323
2945375
2942429
2939487
2936547
2933611
2930677
2927746
2924819
2921894
2918972
2916053
2913137
2910224
2907314
2904406
2901502
2898600
2895702
2892806
2889913
2887023
2884136
2881252
2878371
2875493
2872617
2869744
2866875
2864008
2861144
2858283
2855424
2852569
2849716
2846867
2844020
2841176
2838335
2835496
2832661
2829828
2826998
2824171
2821347
2818526
2815707
2812892
2810079
2807269
2804461
2801657
2798855
2796056
2793260
2790467
2787677
2784889
2782104
2779322
2776543
2773766
2770992
2768221
2765453
2762688
2759925
2757165
2754408
2751653
2748902
2746153
2743407
2740663
2737923
2735185
2732449
2729717
2726987
2724260
2721536
2718815
2716096
2713380
2710666
2707956
2705248
2702542
2699840
2697140
2694443
2691748
2689057
2686368
2683681
2680998
2678317
2675638
2672963
2670290
2667619
2664952
2662287
2659624
2656965
2654308
2651654
2649002
2646353
2643707
2641063
2638422
2635783
2633148
2630514
2627884
2625256
2622631
2620008
2617388
2614771
2612156
2609544
2606934
2604327
2601723
2599121
2596522
2593926
2591332
2588740
2586152
2583565
2580982
2578401
2575823
2573247
2570673
2568103
2565535
2562969
2560406
2557846
2555288
2552733
2550180
2547630
2545082
2542537
2539994
2537454
2534917
2532382
2529850
2527320
2524793
2522268
2519746
2517226
2514709
2512194
2509682
2507172
2504665
2502160
2499658
2497158
2494661
2492166
2489674
2487185
2484697
2482213
2479731
2477251
2474774
2472299
2469826
2467357
2464889
2462424
2459962
2457502
2455045
2452589
2450137
2447687
2445239
2442794
2440351
2437911
2435473
2433037
2430604
2428174
2425745
2423320
2420896
2418476
2416057
2413641
2411227
2408816
2406407
2404001
2401597
2399195
2396796
2394399
2392005
2389613
2387223
2384836
2382451
2380069
2377689
2375311
2372936
2370563
2368192
2365824
2363458
2361095
2358734
2356375
2354019
2351664
2349313
2346964
2344617
2342272
2339930
2337590
2335252
2332917
2330584
2328253
2325925
2323599
2321276
2318954
2316635
2314319
2312004
2309692
2307383
2305075
2302770
2300467
2298167
2295869
2293573
2291279
2288988
2286699
2284412
2282128
2279846
2277566
2275288
2273013
2270740
2268469
2266201
2263935
2261671
2259409
2257150
2254893
2252638
2250385
2248135
2245887
2243641
2241397
2239156
2236916
2234680
2232445
2230212
2227982
2225754
2223528
2221305
2219084
2216865
2214648
2212433
2210221
2208010
2205802
2203597
2201393
2199192
2196992
2194795
2192601
2190408
2188218
2186029
2183843
2181660
2179478
2177298
2175121
2172946
2170773
2168602
2166434
2164267
2162103
2159941
2157781
2155623
2153467
2151314
2149163
2147014
2144867
2142722
2140579
2138438
2136300
2134164
2132029
2129897
2127768
2125640
2123514
2121391
2119269
2117150
2115033
2112918
2110805
2108694
2106585
2104479
2102374
2100272
2098172
2096073
2093977
2091883
2089792
2087702
2085614
2083528
2081445
2079363
2077284
2075207
2073132
2071058
2068987
2066918
2064851
2062787
2060724
2058663
2056604
2054548
2052493
2050441
2048390
2046342
2044296
2042251
2040209
2038169
2036131
2034095
2032060
2030028
2027998
2025970
2023944
2021920
2019899
2017879
2015861
2013845
2011831
2009819
2007809
2005802
2003796
2001792
1999790
1997790
1995793
1993797
1991803
1989811
1987821
1985834
1983848
1981864
1979882
1977902
1975924
1973948
1971974
1970002
1968032
1966064
1964098
1962134
1960172
1958212
1956254
1954297
1952343
1950391
1948440
1946492
1944545
1942601
1940658
1938718
1936779
1934842
1932907
1930974
1929043
1927114
1925187
1923262
1921339
1919418
1917498
1915581
1913665
1911751
1909840
1907930
1906022
1904116
1902212
1900309
1898409
1896511
1894614
1892720
1890827
1888936
1887047
1885160
1883275
1881392
1879510
1877631
1875753
1873877
1872003
1870131
1868261
1866393
1864527
1862662
1860800
1858939
1857080
1855223
1853367
1851514
1849663
1847813
1845965
1844119
1842275
1840433
1838592
1836754
1834917
1833082
1831249
1829418
1827588
1825761
1823935
1822111
1820289
1818469
1816650
1814833
1813019
1811206
1809394
1807585
1805777
1803972
1802168
1800366
1798565
1796767
1794970
1793175
1791382
1789590
1787801
1786013
1784227
1782443
1780660
1778880
1777101
1775324
1773548
1771775
1770003
1768233
1766465
1764698
1762934
1761171
1759409
1757650
1755892
1754136
1752382
1750630
1748879
1747130
1745383
1743638
1741894
1740152
1738412
1736674
1734937
1733202
1731469
1729738
1728008
1726280
1724554
1722829
1721106
1719385
1717666
1715948
1714232
1712518
1710805
1709094
1707385
1705678
1703972
1702268
1700566
1698866
1697167
1695469
1693774
1692080
1690388
1688698
1687009
1685322
1683637
1681953
1680271
1678591
1676912
1675235
1673560
1671887
1670215
1668544
1666876
1665209
1663544
1661880
1660218
1658558
1656900
1655243
1653587
1651934
1650282
1648632
1646983
1645336
1643691
1642047
1640405
1638765
1637126
1635489
1633853
1632219
1630587
1628957
1627328
1625700
1624075
1622450
1620828
1619207
1617588
1615970
1614354
1612740
1611127
1609516
1607907
1606299
1604692
1603088
1601485
1599883
1598283
1596685
1595088
1593493
1591900
1590308
1588718
1587129
1585542
1583956
1582372
1580790
1579209
1577630
1576052
1574476
1572902
1571329
1569757
1568188
1566620
1565053
1563488
1561924
1560362
1558802
1557243
1555686
1554130
1552576
1551024
1549473
1547923
1546375
1544829
1543284
1541741
1540199
1538659
1537120
1535583
1534047
1532513
1530981
1529450
1527920
1526393
1524866
1523341
1521818
1520296
1518776
1517257
1515740
1514224
1512710
1511197
1509686
1508176
1506668
1505161
1503656
1502153
1500650
1499150
1497651
1496153
1494657
1493162
1491669
1490177
1488687
1487198
1485711
1484226
1482741
1481259
1479777
1478298
1476819
1475342
1473867
1472393
1470921
1469450
1467980
1466512
1465046
1463581
1462117
1460655
1459195
1457735
1456278
1454821
1453366
1451913
1450461
1449011
1447562
1446114
1444668
1443223
1441780
1440338
1438898
1437459
1436022
1434586
1433151
1431718
1430286
1428856
1427427
1426000
1424574
1423149
1421726
1420304
1418884
1417465
1416048
1414631
1413217
1411804
1410392
1408981
1407572
1406165
1404759
1403354
1401951
1400549
1399148
1397749
1396351
1394955
1393560
1392166
1390774
1389383
1387994
1386606
1385219
1383834
1382450
1381068
1379687
1378307
1376929
1375552
1374176
1372802
1371429
1370058
1368688
1367319
1365952
1364586
1363221
1361858
1360496
1359136
1357777
1356419
1355062
1353707
1352354
1351001
1349650
1348301
1346952
1345605
1344260
1342916
1341573
1340231
1338891
1337552
1336214
1334878
1333543
1332210
1330878
1329547
1328217
1326889
1325562
1324236
1322912
1321589
1320268
1318947
1317628
1316311
1314995
1313680
1312366
1311053
1309742
1308433
1307124
1305817
1304511
1303207
1301904
1300602
1299301
1298002
1296704
1295407
1294112
1292818
1291525
1290233
1288943
1287654
1286366
1285080
1283795
1282511
1281229
1279947
1278667
1277389
1276111
1274835
1273560
1272287
1271015
1269744
1268474
1267205
1265938
1264672
1263408
1262144
1260882
1259621
1258361
1257103
1255846
1254590
1253336
1252082
1250830
1249579
1248330
1247081
1245834
1244589
1243344
1242101
1240858
1239618
1238378
1237140
1235902
1234667
1233432
1232198
1230966
1229735
1228506
1227277
1226050
1224824
1223599
1222375
1221153
1219932
1218712
1217493
1216276
1215059
1213844
1212630
1211418
1210206
1208996
1207787
1206579
1205373
1204167
1202963
1201760
1200559
1199358
1198159
1196961
1195764
1194568
1193373
1192180
1190988
1189797
1188607
1187418
1186231
1185045
1183860
1182676
1181493
1180312
1179131
1177952
1176774
1175597
1174422
1173247
1172074
1170902
1169731
1168561
1167393
1166225
1165059
1163894
1162730
1161568
1160406
1159246
1158086
1156928
1155771
1154616
1153461
1152307
1151155
1150004
1148854
1147705
1146557
1145411
1144265
1143121
1141978
1140836
1139695
1138556
1137417
1136280
1135143
1134008
1132874
1131741
1130610
1129479
1128349
1127221
1126094
1124968
1123843
1122719
1121596
1120475
1119354
1118235
1117117
1115999
1114883
1113769
1112655
1111542
1110431
1109320
1108211
1107103
1105996
1104890
1103785
1102681
1101578
1100477
1099376
1098277
1097178
1096081
1094985
1093890
1092796
1091704
1090612
1089521
1088432
1087343
1086256
1085170
1084085
1083000
1081917
1080836
1079755
1078675
1077596
1076519
1075442
1074367
1073292
1072219
1071147
1070076
1069006
1067937
1066869
1065802
1064736
1063671
1062608
1061545
1060483
1059423
1058363
1057305
1056248
1055192
1054136
1053082
1052029
1050977
1049926
1048876
1047827
1046780
1045733
1044687
1043642
1042599
1041556
1040515
1039474
1038435
1037396
1036359
1035322
1034287
1033253
1032219
1031187
1030156
1029126
1028097
1027069
1026042
1025016
1023991
1022967
1021944
1020922
1019901
1018881
1017862
1016844
1015827
1014811
1013797
1012783
1011770
1010758
1009748
1008738
1007729
1006721
1005715
1004709
1003704
1002700
1001698
1000696
999695
998696
997697
996699
995703
994707
993712
992718
991726
990734
989743
988754
987765
986777
985790
984804
983820
982836
981853
980871
979890
978910
977931
976954
975977
975001
974026
973052
972078
971106
970135
969165
968196
967228
966261
965294
964329
963365
962401
961439
960477
959517
958557
957599
956641
955685
954729
953774
952821
951868
950916
949965
949015
948066
947118
946171
945225
944279
943335
942392
941449
940508
939567
938628
937689
936751
935815
934879
933944
933010
932077
931145
930214
929284
928354
927426
926499
925572
924647
923722
922798
921875
920953
920033
919112
918193
917275
916358
915442
914526
913612
912698
911785
910873
909963
909053
908144
907235
906328
905422
904516
903612
902708
901806
900904
900003
899103
898204
897306
896408
895512
894616
893722
892828
891935
891043
890152
889262
888373
887484
886597
885710
884825
883940
883056
882173
881291
880409
879529
878649
877771
876893
876016
875140
874265
873391
872517
871645
870773
869902
869032
868163
867295
866428
865562
864696
863831
862967
862104
861242
860381
859521
858661
857803
856945
856088
855232
854376
853522
852669
851816
850964
850113
849263
848414
847565
846718
845871
845025
844180
843336
842493
841650
840808
839968
839128
838289
837450
836613
835776
834940
834106
833271
832438
831606
830774
829943
829113
828284
827456
826629
825802
824976
824151
823327
822504
821681
820859
820039
819219
818399
817581
816763
815947
815131
814316
813501
812688
811875
811063
810252
809442
808632
807824
807016
806209
805403
804597
803793
802989
802186
801384
800582
799782
798982
798183
797385
796587
795791
794995
794200
793406
792612
791820
791028
790237
789447
788657
787869
787081
786294
785507
784722
783937
783153
782370
781588
780806
780025
779245
778466
777688
776910
776133
775357
774581
773807
773033
772260
771488
770716
769946
769176
768406
767638
766870
766104
765337
764572
763808
763044
762281
761518
760757
759996
759236
758477
757718
756961
756204
755448
754692
753937
753183
752430
751678
750926
750175
749425
748676
747927
747179
746432
745685
744940
744195
743451
742707
741964
741222
740481
739741
739001
738262
737524
736786
736049
735313
734578
733844
733110
732377
731644
730913
730182
729451
728722
727993
727265
726538
725811
725086
724361
723636
722913
722190
721467
720746
720025
719305
718586
717867
717149
716432
715716
715000
714285
713571
712857
712144
711432
710721
710010
709300
708591
707882
707174
706467
705761
705055
704350
703646
702942
702239
701537
700835
700134
699434
698735
698036
697338
696641
695944
695248
694553
693858
693164
692471
691779
691087
690396
689706
689016
688327
687638
686951
686264
685578
684892
684207
683523
682839
682157
681474
680793
680112
679432
678753
678074
677396
676718
676042
675366
674690
674016
673342
672668
671996
671324
670652
669982
669312
668642
667974
667306
666638
665972
665306
664640
663976
663312
662649
661986
661324
660663
660002
659342
658683
658024
657366
656708
656052
655396
654740
654086
653431
652778
652125
651473
650822
650171
649521
648871
648222
647574
646926
646280
645633
644988
644343
643698
643055
642412
641769
641127
640486
639846
639206
638567
637928
637290
636653
636016
635380
634745
634110
633476
632843
632210
631577
630946
630315
629685
629055
628426
627797
627170
626543
625916
625290
624665
624040
623416
622793
622170
621548
620926
620305
619685
619065
618446
617828
617210
616593
615976
615360
614745
614130
613516
612902
612289
611677
611065
610454
609844
609234
608625
608016
607408
606801
606194
605588
604982
604377
603773
603169
602566
601963
601361
600760
600159
599559
598960
598361
597762
597164
596567
595971
595375
594779
594185
593590
592997
592404
591811
591220
590628
590038
589448
588858
588269
587681
587093
586506
585920
585334
584749
584164
583580
582996
582413
581831
581249
580668
580087
579507
578927
578348
577770
577192
576615
576039
575462
574887
574312
573738
573164
572591
572018
571446
570875
570304
569734
569164
568595
568026
567458
566891
566324
565757
565192
564627
564062
563498
562934
562371
561809
561247
560686
560125
559565
559006
558447
557888
557330
556773
556216
555660
555104
554549
553995
553441
552887
552334
551782
551230
550679
550128
549578
549029
548480
547931
547383
546836
546289
545743
545197
544652
544107
543563
543019
542476
541934
541392
540851
540310
539769
539230
538690
538152
537614
537076
536539
536002
535466
534931
534396
533861
533328
532794
532262
531729
531198
530666
530136
529606
529076
528547
528018
527490
526963
526436
525909
525383
524858
524333
523809
523285
522762
522239
521717
521195
520674
520153
519633
519113
518594
518076
517558
517040
516523
516007
515491
514975
514460
513946
513432
512918
512405
511893
511381
510870
510359
509848
509339
508829
508320
507812
507304
506797
506290
505784
505278
504773
504268
503764
503260
502757
502254
501752
501250
500749
500248
499748
499248
498749
498250
497752
497254
496757
496260
495764
495268
494773
494278
493784
493290
492797
492304
491811
491320
490828
490337
489847
489357
488868
488379
487891
487403
486915
486428
485942
485456
484971
484486
484001
483517
483034
482551
482068
481586
481104
480623
480143
479663
479183
478704
478225
477747
477269
476792
476315
475839
475363
474887
474413
473938
473464
472991
472518
472045
471573
471102
470630
470160
469690
469220
468751
468282
467814
467346
466879
466412
465945
465479
465014
464549
464084
463620
463157
462693
462231
461769
461307
460845
460385
459924
459464
459005
458546
458087
457629
457172
456714
456258
455801
455346
454890
454435
453981
453527
453073
452620
452168
451716
451264
450813
450362
449911
449461
449012
448563
448114
447666
447219
446771
446325
445878
445432
444987
444542
444098
443653
443210
442767
442324
441881
441440
440998
440557
440117
439676
439237
438798
438359
437920
437482
437045
436608
436171
435735
435299
434864
434429
433995
433561
433127
432694
432261
431829
431397
430966
430535
430104
429674
429245
428815
428387
427958
427530
427103
426676
426249
425823
425397
424972
424547
424122
423698
423274
422851
422428
422006
421584
421162
420741
420320
419900
419480
419060
418641
418223
417804
417387
416969
416552
416136
415720
415304
414889
414474
414059
413645
413232
412818
412405
411993
411581
411170
410758
410348
409937
409527
409118
408709
408300
407892
407484
407076
406669
406263
405856
405450
405045
404640
404235
403831
403427
403024
402621
402218
401816
401414
401013
400612
400211
399811
399411
399012
398613
398214
397816
397418
397021
396624
396227
395831
395435
395039
394644
394250
393855
393462
393068
392675
392282
391890
391498
391107
390716
390325
389935
389545
389155
388766
388377
387989
387601
387213
386826
386439
386053
385667
385281
384896
384511
384126
383742
383358
382975
382592
382210
381827
381445
381064
380683
380302
379922
379542
379163
378783
378405
378026
377648
377270
376893
376516
376140
375764
375388
375013
374638
374263
373889
373515
373141
372768
372395
372023
371651
371279
370908
370537
370166
369796
369427
369057
368688
368319
367951
367583
367216
366848
366481
366115
365749
365383
365018
364653
364288
363924
363560
363196
362833
362470
362108
361746
361384
361023
360662
360301
359941
359581
359221
358862
358503
358144
357786
357428
357071
356714
356357
356001
355645
355289
354934
354579
354224
353870
353516
353163
352810
352457
352104
351752
351401
351049
350698
350347
349997
349647
349297
348948
348599
348251
347902
347554
347207
346860
346513
346166
345820
345474
345129
344784
344439
344094
343750
343407
343063
342720
342377
342035
341693
341351
341010
340669
340328
339988
339648
339308
338969
338630
338291
337953
337615
337278
336940
336603
336267
335930
335595
335259
334924
334589
334254
333920
333586
333252
332919
332586
332254
331921
331589
331258
330927
330596
330265
329935
329605
329275
328946
328617
328288
327960
327632
327305
326977
326650
326324
325997
325671
325346
325020
324695
324371
324046
323722
323398
323075
322752
322429
322107
321785
321463
321141
320820
320499
320179
319859
319539
319219
318900
318581
318263
317944
317626
317309
316992
316675
316358
316042
315725
315410
315094
314779
314464
314150
313836
313522
313208
312895
312582
312270
311958
311646
311334
311023
310712
310401
310090
309780
309471
309161
308852
308543
308235
307926
307618
307311
307003
306696
306390
306083
305777
305472
305166
304861
304556
304251
303947
303643
303340
303036
302733
302431
302128
301826
301524
301223
300921
300620
300320
300020
299719
299420
299120
298821
298522
298224
297926
297628
297330
297033
296736
296439
296143
295846
295551
295255
294960
294665
294370
294076
293782
293488
293194
292901
292608
292316
292023
291731
291440
291148
290857
290566
290276
289985
289695
289406
289116
288827
288538
288250
287962
287674
287386
287099
286811
286525
286238
285952
285666
285380
285095
284810
284525
284240
283956
283672
283389
283105
282822
282539
282257
281974
281692
281411
281129
280848
280567
280287
280007
279727
279447
279167
278888
278609
278331
278052
277774
277497
277219
276942
276665
276388
276112
275836
275560
275284
275009
274734
274459
274185
273911
273637
273363
273090
272817
272544
272271
271999
271727
271455
271184
270913
270642
270371
270101
269831
269561
269291
269022
268753
268484
268216
267947
267679
267412
267144
266877
266610
266344
266077
265811
265546
265280
265015
264750
264485
264220
263956
263692
263429
263165
262902
262639
262376
262114
261852
261590
261328
261067
260806
260545
260285
260024
259764
259505
259245
258986
258727
258468
258210
257952
257694
257436
257178
256921
256664
256408
256151
255895
255639
255384
255128
254873
254618
254364
254109
253855
253601
253348
253094
252841
252588
252336
252083
251831
251580
251328
251077
250826
250575
250324
250074
249824
249574
249324
249075
248826
248577
248329
248080
247832
247584
247337
247089
246842
246595
246349
246102
245856
245611
245365
245120
244874
244630
244385
244141
243896
243653
243409
243165
242922
242679
242437
242194
241952
241710
241468
241227
240986
240745
240504
240263
240023
239783
239543
239304
239065
238825
238587
238348
238110
237872
237634
237396
237159
236922
236685
236448
236211
235975
235739
235504
235268
235033
234798
234563
234328
234094
233860
233626
233392
233159
232926
232693
232460
232228
231996
231764
231532
231300
231069
230838
230607
230376
230146
229916
229686
229456
229227
228998
228769
228540
228311
228083
227855
227627
227400
227172
226945
226718
226491
226265
226039
225812
225587
225361
225136
224911
224686
224461
224237
224012
223788
223564
223341
223118
222894
222672
222449
222226
222004
221782
221560
221339
221118
220896
220676
220455
220234
220014
219794
219574
219355
219135
218916
218697
218479
218260
218042
217824
217606
217388
217171
216954
216737
216520
216304
216087
215871
215655
215440
215224
215009
214794
214579
214365
214150
213936
213722
213509
213295
213082
212869
212656
212443
212231
212018
211806
211595
211383
211172
210960
210749
210539
210328
210118
209908
209698
209488
209279
209069
208860
208651
208443
208234
208026
207818
207610
207403
207195
206988
206781
206574
206368
206161
205955
205749
205543
205338
205133
204927
204723
204518
204313
204109
203905
203701
203497
203294
203090
202887
202684
202482
202279
202077
201875
201673
201471
201270
201069
200868
200667
200466
200266
200065
199865
199665
199466
199266
199067
198868
198669
198470
198272
198074
197876
197678
197480
197283
197085
196888
196691
196495
196298
196102
195906
195710
195514
195319
195123
194928
194733
194538
194344
194150
193955
193761
193568
193374
193181
192988
192795
192602
192409
192217
192025
191833
191641
191449
191258
191066
190875
190684
190494
190303
190113
189923
189733
189543
189354
189164
188975
188786
188597
188409
188220
188032
187844
187656
187469
187281
187094
186907
186720
186533
186347
186160
185974
185788
185602
185417
185231
185046
184861
184676
184491
184307
184123
183939
183755
183571
183387
183204
183021
182838
182655
182472
182290
182107
181925
181743
181562
181380
181199
181018
180836
180656
180475
180295
180114
179934
179754
179574
179395
179215
179036
178857
178678
178500
178321
178143
177965
177787
177609
177431
177254
177077
176900
176723
176546
176369
176193
176017
175841
175665
175489
175314
175139
174963
174788
174614
174439
174265
174090
173916
173742
173569
173395
173222
173048
172875
172702
172530
172357
172185
172013
171841
171669
171497
171326
171154
170983
170812
170641
170471
170300
170130
169960
169790
169620
169450
169281
169112
168943
168774
168605
168436
168268
168100
167931
167764
167596
167428
167261
167093
166926
166759
166593
166426
166260
166093
165927
165761
165596
165430
165265
165099
164934
164769
164605
164440
164276
164111
163947
163783
163619
163456
163292
163129
162966
162803
162640
162477
162315
162153
161991
161829
161667
161505
161344
161182
161021
160860
160699
160538
160378
160218
160057
159897
159737
159578
159418
159259
159099
158940
158781
158623
158464
158305
158147
157989
157831
157673
157515
157358
157201
157043
156886
156729
156573
156416
156260
156104
155947
155791
155636
155480
155325
155169
155014
154859
154704
154549
154395
154241
154086
153932
153778
153624
153471
153317
153164
153011
152858
152705
152552
152400
152247
152095
151943
151791
151639
151488
151336
151185
151034
150883
150732
150581
150430
150280
150130
149980
149830
149680
149530
149381
149231
149082
148933
148784
148635
148487
148338
148190
148041
147893
147746
147598
147450
147303
147155
147008
146861
146714
146568
146421
146275
146128
145982
145836
145690
145545
145399
145254
145109
144963
144819
144674
144529
144385
144240
144096
143952
143808
143664
143520
143377
143233
143090
142947
142804
142661
142519
142376
142234
142092
141950
141808
141666
141524
141383
141241
141100
140959
140818
140677
140536
140396
140255
140115
139975
139835
139695
139556
139416
139277
139137
138998
138859
138720
138582
138443
138305
138166
138028
137890
137752
137614
137477
137339
137202
137065
136928
136791
136654
136517
136381
136244
136108
135972
135836
135700
135565
135429
135294
135158
135023
134888
134753
134618
134484
134349
134215
134081
133947
133813
133679
133545
133412
133278
133145
133012
132879
132746
132613
132481
132348
132216
132084
131952
131820
131688
131556
131425
131293
131162
131031
130900
130769
130638
130507
130377
130246
130116
129986
129856
129726
129596
129467
129337
129208
129079
128950
128821
128692
128563
128435
128306
128178
128050
127922
127794
127666
127538
127411
127283
127156
127029
126902
126775
126648
126522
126395
126269
126142
126016
125890
125764
125639
125513
125387
125262
125137
125012
124887
124762
124637
124512
124388
124264
124139
124015
123891
123767
123643
123520
123396
123273
123150
123026
122903
122781
122658
122535
122413
122290
122168
122046
121924
121802
121680
121558
121437
121315
121194
121073
120952
120831
120710
120589
120469
120348
120228
120108
119987
119867
119748
119628
119508
119389
119269
119150
119031
118912
118793
118674
118555
118437
118318
118200
118082
117964
117846
117728
117610
117493
117375
117258
117141
117023
116906
116789
116673
116556
116439
116323
116207
116090
115974
115858
115743
115627
115511
115396
115280
115165
115050
114935
114820
114705
114590
114476
114361
114247
114133
114019
113905
113791
113677
113563
113450
113336
113223
113110
112996
112883
112771
112658
112545
112433
112320
112208
112096
111984
111872
111760
111648
111536
111425
111313
111202
111091
110980
110869
110758
110647
110536
110426
110315
110205
110095
109985
109875
109765
109655
109546
109436
109327
109217
109108
108999
108890
108781
108672
108564
108455
108347
108238
108130
108022
107914
107806
107698
107590
107483
107375
107268
107161
107054
106946
106840
106733
106626
106519
106413
106306
106200
106094
105988
105882
105776
105670
105564
105459
105353
105248
105143
105038
104933
104828
104723
104618
104514
104409
104305
104200
104096
103992
103888
103784
103680
103577
103473
103370
103266
103163
103060
102957
102854
102751
102648
102546
102443
102341
102238
102136
102034
101932
101830
101728
101626
101525
101423
101322
101220
101119
101018
100917
100816
100715
100615
100514
100414
100313
100213
100113
100012
99912
99813
99713
99613
99513
99414
99314
99215
99116
99017
98918
98819
98720
98621
98523
98424
98326
98227
98129
98031
97933
97835
97737
97640
97542
97444
97347
97250
97152
97055
96958
96861
96764
96668
96571
96474
96378
96281
96185
96089
95993
95897
95801
95705
95609
95514
95418
95323
95228
95132
95037
94942
94847
94752
94658
94563
94468
94374
94280
94185
94091
93997
93903
93809
93715
93622
93528
93434
93341
93248
93154
93061
92968
92875
92782
92690
92597
92504
92412
92319
92227
92135
92043
91951
91859
91767
91675
91583
91492
91400
91309
91218
91126
91035
90944
90853
90762
90672
90581
90490
90400
90310
90219
90129
90039
89949
89859
89769
89679
89590
89500
89411
89321
89232
89143
89053
88964
88875
88787
88698
88609
88520
88432
88343
88255
88167
88079
87991
87903
87815
87727
87639
87552
87464
87377
87289
87202
87115
87028
86941
86854
86767
86680
86593
86507
86420
86334
86247
86161
86075
85989
85903
85817
85731
85645
85560
85474
85389
85303
85218
85133
85048
84963
84878
84793
84708
84623
84539
84454
84370
84285
84201
84117
84033
83949
83865
83781
83697
83613
83530
83446
83363
83279
83196
83113
83030
82947
82864
82781
82698
82616
82533
82450
82368
82286
82203
82121
82039
81957
81875
81793
81711
81630
81548
81466
81385
81304
81222
81141
81060
80979
80898
80817
80736
80655
80575
80494
80414
80333
80253
80173
80093
80012
79932
79852
79773
79693
79613
79534
79454
79375
79295
79216
79137
79058
78978
78900
78821
78742
78663
78584
78506
78427
78349
78271
78192
78114
78036
77958
77880
77802
77724
77647
77569
77491
77414
77336
77259
77182
77105
77028
76950
76874
76797
76720
76643
76567
76490
76413
76337
76261
76184
76108
76032
75956
75880
75804
75728
75653
75577
75502
75426
75351
75275
75200
75125
75050
74975
74900
74825
74750
74675
74600
74526
74451
74377
74302
74228
74154
74080
74006
73932
73858
73784
73710
73636
73563
73489
73416
73342
73269
73196
73123
73049
72976
72903
72830
72758
72685
72612
72540
72467
72395
72322
72250
72178
72105
72033
71961
71889
71817
71746
71674
71602
71531
71459
71388
71316
71245
71174
71102
71031
70960
70889
70818
70748
70677
70606
70536
70465
70395
70324
70254
70184
70113
70043
69973
69903
69833
69764
69694
69624
69555
69485
69415
69346
69277
69207
69138
69069
69000
68931
68862
68793
68724
68656
68587
68518
68450
68382
68313
68245
68177
68108
68040
67972
67904
67836
67769
67701
67633
67565
67498
67430
67363
67296
67228
67161
67094
67027
66960
66893
66826
66759
66692
66626
66559
66492
66426
66360
66293
66227
66161
66094
66028
65962
65896
65830
65765
65699
65633
65568
65502
65436
65371
65306
65240
65175
65110
65045
64980
64915
64850
64785
64720
64656
64591
64526
64462
64397
64333
64269
64204
64140
64076
64012
63948
63884
63820
63756
63692
63629
63565
63502
63438
63375
63311
63248
63185
63122
63058
62995
62932
62869
62807
62744
62681
62618
62556
62493
62431
62368
62306
62244
62181
62119
62057
61995
61933
61871
61809
61747
61686
61624
61562
61501
61439
61378
61316
61255
61194
61133
61071
61010
60949
60888
60828
60767
60706
60645
60585
60524
60463
60403
60343
60282
60222
60162
60102
60042
59981
59921
59862
59802
59742
59682
59622
59563
59503
59444
59384
59325
59266
59206
59147
59088
59029
58970
58911
58852
58793
58734
58676
58617
58558
58500
58441
58383
58324
58266
58208
58150
58092
58033
57975
57917
57859
57802
57744
57686
57628
57571
57513
57456
57398
57341
57283
57226
57169
57112
57055
56998
56941
56884
56827
56770
56713
56657
56600
56543
56487
56430
56374
56317
56261
56205
56149
56092
56036
55980
55924
55868
55813
55757
55701
55645
55590
55534
55479
55423
55368
55312
55257
55202
55146
55091
55036
54981
54926
54871
54816
54762
54707
54652
54597
54543
54488
54434
54379
54325
54271
54216
54162
54108
54054
54000
53946
53892
53838
53784
53730
53677
53623
53569
53516
53462
53409
53355
53302
53249
53196
53142
53089
53036
52983
52930
52877
52824
52771
52719
52666
52613
52561
52508
52456
52403
52351
52298
52246
52194
52142
52090
52037
51985
51933
51881
51830
51778
51726
51674
51623
51571
51519
51468
51416
51365
51314
51262
51211
51160
51109
51058
51007
50956
50905
50854
50803
50752
50701
50651
50600
50549
50499
50448
50398
50347
50297
50247
50196
50146
50096
50046
49996
49946
49896
49846
49796
49747
49697
49647
49597
49548
49498
49449
49399
49350
49301
49251
49202
49153
49104
49055
49006
48957
48908
48859
48810
48761
48712
48664
48615
48566
48518
48469
48421
48372
48324
48276
48227
48179
48131
48083
48035
47987
47939
47891
47843
47795
47747
47699
47652
47604
47556
47509
47461
47414
47367
47319
47272
47225
47177
47130
47083
47036
46989
46942
46895
46848
46801
46754
46708
46661
46614
46568
46521
46475
46428
46382
46335
46289
46243
46196
46150
46104
46058
46012
45966
45920
45874
45828
45782
45737
45691
45645
45599
45554
45508
45463
45417
45372
45327
45281
45236
45191
45146
45100
45055
45010
44965
44920
44875
44830
44786
44741
44696
44651
44607
44562
44518
44473
44429
44384
44340
44295
44251
44207
44163
44119
44074
44030
43986
43942
43898
43854
43811
43767
43723
43679
43636
43592
43548
43505
43461
43418
43374
43331
43288
43244
43201
43158
43115
43072
43029
42986
42943
42900
42857
42814
42771
42728
42686
42643
42600
42558
42515
42473
42430
42388
42345
42303
42261
42218
42176
42134
42092
42050
42008
41966
41924
41882
41840
41798
41756
41715
41673
41631
41590
41548
41506
41465
41423
41382
41341
41299
41258
41217
41176
41134
41093
41052
41011
40970
40929
40888
40847
40806
40766
40725
40684
40643
40603
40562
40522
40481
40441
40400
40360
40319
40279
40239
40199
40158
40118
40078
40038
39998
39958
39918
39878
39838
39798
39759
39719
39679
39639
39600
39560
39521
39481
39442
39402
39363
39323
39284
39245
39206
39166
39127
39088
39049
39010
38971
38932
38893
38854
38815
38776
38738
38699
38660
38622
38583
38544
38506
38467
38429
38390
38352
38314
38275
38237
38199
38161
38122
38084
38046
38008
37970
37932
37894
37856
37819
37781
37743
37705
37668
37630
37592
37555
37517
37480
37442
37405
37367
37330
37293
37255
37218
37181
37144
37106
37069
37032
36995
36958
36921
36884
36847
36811
36774
36737
36700
36664
36627
36590
36554
36517
36481
36444
36408
36371
36335
36299
36262
36226
36190
36154
36117
36081
36045
36009
35973
35937
35901
35865
35830
35794
35758
35722
35686
35651
35615
35579
35544
35508
35473
35437
35402
35367
35331
35296
35261
35225
35190
35155
35120
35085
35049
35014
34979
34944
34910
34875
34840
34805
34770
34735
34701
34666
34631
34597
34562
34527
34493
34458
34424
34390
34355
34321
34286
34252
34218
34184
34149
34115
34081
34047
34013
33979
33945
33911
33877
33843
33810
33776
33742
33708
33674
33641
33607
33574
33540
33506
33473
33439
33406
33373
33339
33306
33273
33239
33206
33173
33140
33107
33073
33040
33007
32974
32941
32908
32876
32843
32810
32777
32744
32711
32679
32646
32613
32581
32548
32516
32483
32451
32418
32386
32353
32321
32289
32256
32224
32192
32160
32128
32096
32063
32031
31999
31967
31935
31903
31872
31840
31808
31776
31744
31712
31681
31649
31617
31586
31554
31523
31491
31460
31428
31397
31365
31334
31303
31271
31240
31209
31178
31146
31115
31084
31053
31022
30991
30960
30929
30898
30867
30836
30806
30775
30744
30713
30683
30652
30621
30591
30560
30529
30499
30468
30438
30407
30377
30347
30316
30286
30256
30225
30195
30165
30135
30105
30075
30045
30015
29985
29955
29925
29895
29865
29835
29805
29775
29745
29716
29686
29656
29627
29597
29567
29538
29508
29479
29449
29420
29390
29361
29332
29302
29273
29244
29215
29185
29156
29127
29098
29069
29040
29011
28982
28953
28924
28895
28866
28837
28808
28779
28751
28722
28693
28664
28636
28607
28579
28550
28521
28493
28464
28436
28407
28379
28351
28322
28294
28266
28237
28209
28181
28153
28125
28097
28068
28040
28012
27984
27956
27928
27900
27873
27845
27817
27789
27761
27733
27706
27678
27650
27623
27595
27567
27540
27512
27485
27457
27430
27402
27375
27348
27320
27293
27266
27238
27211
27184
27157
27130
27103
27075
27048
27021
26994
26967
26940
26913
26886
26860
26833
26806
26779
26752
26726
26699
26672
26645
26619
26592
26566
26539
26513
26486
26460
26433
26407
26380
26354
26327
26301
26275
26249
26222
26196
26170
26144
26118
26091
26065
26039
26013
25987
25961
25935
25909
25883
25858
25832
25806
25780
25754
25729
25703
25677
25651
25626
25600
25575
25549
25523
25498
25472
25447
25421
25396
25371
25345
25320
25295
25269
25244
25219
25194
25168
25143
25118
25093
25068
25043
25018
24993
24968
24943
24918
24893
24868
24843
24818
24794
24769
24744
24719
24694
24670
24645
24620
24596
24571
24547
24522
24498
24473
24449
24424
24400
24375
24351
24327
24302
24278
24254
24229
24205
24181
24157
24133
24109
24084
24060
24036
24012
23988
23964
23940
23916
23892
23869
23845
23821
23797
23773
23749
23726
23702
23678
23655
23631
23607
23584
23560
23537
23513
23490
23466
23443
23419
23396
23372
23349
23326
23302
23279
23256
23232
23209
23186
23163
23140
23116
23093
23070
23047
23024
23001
22978
22955
22932
22909
22886
22863
22841
22818
22795
22772
22749
22727
22704
22681
22659
22636
22613
22591
22568
22545
22523
22500
22478
22455
22433
22410
22388
22366
22343
22321
22299
22276
22254
22232
22210
22187
22165
22143
22121
22099
22077
22055
22033
22011
21988
21967
21945
21923
21901
21879
21857
21835
21813
21791
21770
21748
21726
21704
21683
21661
21639
21618
21596
21574
21553
21531
21510
21488
21467
21445
21424
21402
21381
21360
21338
21317
21296
21274
21253
21232
21211
21189
21168
21147
21126
21105
21084
21063
21041
21020
20999
20978
20957
20936
20916
20895
20874
20853
20832
20811
20790
20770
20749
20728
20707
20687
20666
20645
20625
20604
20583
20563
20542
20522
20501
20481
20460
20440
20419
20399
20378
20358
20338
20317
20297
20277
20257
20236
20216
20196
20176
20155
20135
20115
20095
20075
20055
20035
20015
19995
19975
19955
19935
19915
19895
19875
19855
19835
19816
19796
19776
19756
19736
19717
19697
19677
19658
19638
19618
19599
19579
19559
19540
19520
19501
19481
19462
19442
19423
19404
19384
19365
19345
19326
19307
19287
19268
19249
19230
19210
19191
19172
19153
19134
19114
19095
19076
19057
19038
19019
19000
18981
18962
18943
18924
18905
18886
18867
18849
18830
18811
18792
18773
18755
18736
18717
18698
18680
18661
18642
18624
18605
18586
18568
18549
18531
18512
18494
18475
18457
18438
18420
18401
18383
18365
18346
18328
18310
18291
18273
18255
18236
18218
18200
18182
18164
18145
18127
18109
18091
18073
18055
18037
18019
18001
17983
17965
17947
17929
17911
17893
17875
17857
17839
17822
17804
17786
17768
17750
17733
17715
17697
17679
17662
17644
17626
17609
17591
17574
17556
17539
17521
17503
17486
17468
17451
17434
17416
17399
17381
17364
17347
17329
17312
17295
17277
17260
17243
17226
17208
17191
17174
17157
17140
17122
17105
17088
17071
17054
17037
17020
17003
16986
16969
16952
16935
16918
16901
16884
16867
16850
16834
16817
16800
16783
16766
16750
16733
16716
16699
16683
16666
16649
16633
16616
16599
16583
16566
16550
16533
16517
16500
16484
16467
16451
16434
16418
16401
16385
16369
16352
16336
16320
16303
16287
16271
16254
16238
16222
16206
16189
16173
16157
16141
16125
16109
16093
16076
16060
16044
16028
16012
15996
15980
15964
15948
15932
15916
15900
15885
15869
15853
15837
15821
15805
15789
15774
15758
15742
15726
15711
15695
15679
15664
15648
15632
15617
15601
15585
15570
15554
15539
15523
15508
15492
15477
15461
15446
15430
15415
15399
15384
15369
15353
15338
15323
15307
15292
15277
15261
15246
15231
15216
15200
15185
15170
15155
15140
15125
15109
15094
15079
15064
15049
15034
15019
15004
14989
14974
14959
14944
14929
14914
14899
14884
14870
14855
14840
14825
14810
14795
14781
14766
14751
14736
14721
14707
14692
14677
14663
14648
14633
14619
14604
14590
14575
14560
14546
14531
14517
14502
14488
14473
14459
14444
14430
14415
14401
14387
14372
14358
14343
14329
14315
14300
14286
14272
14258
14243
14229
14215
14201
14186
14172
14158
14144
14130
14116
14102
14087
14073
14059
14045
14031
14017
14003
13989
13975
13961
13947
13933
13919
13905
13891
13878
13864
13850
13836
13822
13808
13795
13781
13767
13753
13739
13726
13712
13698
13685
13671
13657
13644
13630
13616
13603
13589
13575
13562
13548
13535
13521
13508
13494
13481
13467
13454
13440
13427
13413
13400
13387
13373
13360
13347
13333
13320
13307
13293
13280
13267
13253
13240
13227
13214
13200
13187
13174
13161
13148
13135
13121
13108
13095
13082
13069
13056
13043
13030
13017
13004
12991
12978
12965
12952
12939
12926
12913
12900
12887
12874
12861
12849
12836
12823
12810
12797
12784
12772
12759
12746
12733
12721
12708
12695
12683
12670
12657
12645
12632
12619
12607
12594
12581
12569
12556
12544
12531
12519
12506
12494
12481
12469
12456
12444
12431
12419
12406
12394
12382
12369
12357
12345
12332
12320
12308
12295
12283
12271
12258
12246
12234
12222
12209
12197
12185
12173
12161
12148
12136
12124
12112
12100
12088
12076
12064
12052
12040
12028
12016
12003
11991
11980
11968
11956
11944
11932
11920
11908
11896
11884
11872
11860
11848
11837
11825
11813
11801
11789
11777
11766
11754
11742
11730
11719
11707
11695
11684
11672
11660
11649
11637
11625
11614
11602
11590
11579
11567
11556
11544
11533
11521
11510
11498
11487
11475
11464
11452
11441
11429
11418
11406
11395
11384
11372
11361
11349
11338
11327
11315
11304
11293
11282
11270
11259
11248
11236
11225
11214
11203
11192
11180
11169
11158
11147
11136
11125
11113
11102
11091
11080
11069
11058
11047
11036
11025
11014
11003
10992
10981
10970
10959
10948
10937
10926
10915
10904
10893
10882
10871
10861
10850
10839
10828
10817
10806
10796
10785
10774
10763
10752
10742
10731
10720
10710
10699
10688
10677
10667
10656
10645
10635
10624
10614
10603
10592
10582
10571
10561
10550
10539
10529
10518
10508
10497
10487
10476
10466
10455
10445
10435
10424
10414
10403
10393
10382
10372
10362
10351
10341
10331
10320
10310
10300
10289
10279
10269
10259
10248
10238
10228
10218
10207
10197
10187
10177
10167
10156
10146
10136
10126
10116
10106
10096
10086
10075
10065
10055
10045
10035
10025
10015
10005
9995
9985
9975
9965
9955
9945
9935
9925
9915
9906
9896
9886
9876
9866
9856
9846
9836
9827
9817
9807
9797
9787
9778
9768
9758
9748
9738
9729
9719
9709
9700
9690
9680
9670
9661
9651
9642
9632
9622
9613
9603
9593
9584
9574
9565
9555
9546
9536
9526
9517
9507
9498
9488
9479
9469
9460
9450
9441
9432
9422
9413
9403
9394
9385
9375
9366
9356
9347
9338
9328
9319
9310
9300
9291
9282
9273
9263
9254
9245
9235
9226
9217
9208
9199
9189
9180
9171
9162
9153
9144
9134
9125
9116
9107
9098
9089
9080
9071
9062
9053
9043
9034
9025
9016
9007
8998
8989
8980
8971
8962
8953
8944
8936
8927
8918
8909
8900
8891
8882
8873
8864
8855
8847
8838
8829
8820
8811
8802
8794
8785
8776
8767
8759
8750
8741
8732
8724
8715
8706
8697
8689
8680
8671
8663
8654
8645
8637
8628
8619
8611
8602
8594
8585
8576
8568
8559
8551
8542
8534
8525
8517
8508
8500
8491
8483
8474
8466
8457
8449
8440
8432
8423
8415
8406
8398
8390
8381
8373
8365
8356
8348
8339
8331
8323
8314
8306
8298
8290
8281
8273
8265
8256
8248
8240
8232
8223
8215
8207
8199
8191
8182
8174
8166
8158
8150
8142
8133
8125
8117
8109
8101
8093
8085
8077
8069
8061
8052
8044
8036
8028
8020
8012
8004
7996
7988
7980
7972
7964
7956
7948
7940
7933
7925
7917
7909
7901
7893
7885
7877
7869
7861
7854
7846
7838
7830
7822
7814
7807
7799
7791
7783
7775
7768
7760
7752
7744
7737
7729
7721
7713
7706
7698
7690
7683
7675
7667
7660
7652
7644
7637
7629
7621
7614
7606
7598
7591
7583
7576
7568
7561
7553
7545
7538
7530
7523
7515
7508
7500
7493
7485
7478
7470
7463
7455
7448
7440
7433
7426
7418
7411
7403
7396
7389
7381
7374
7366
7359
7352
7344
7337
7330
7322
7315
7308
7300
7293
7286
7278
7271
7264
7257
7249
7242
7235
7228
7220
7213
7206
7199
7192
7184
7177
7170
7163
7156
7149
7141
7134
7127
7120
7113
7106
7099
7092
7084
7077
7070
7063
7056
7049
7042
7035
7028
7021
7014
7007
7000
6993
6986
6979
6972
6965
6958
6951
6944
6937
6930
6923
6916
6909
6903
6896
6889
6882
6875
6868
6861
6854
6848
6841
6834
6827
6820
6813
6807
6800
6793
6786
6779
6773
6766
6759
6752
6746
6739
6732
6725
6719
6712
6705
6698
6692
6685
6678
6672
6665
6658
6652
6645
6638
6632
6625
6618
6612
6605
6599
6592
6585
6579
6572
6566
6559
6553
6546
6539
6533
6526
6520
6513
6507
6500
6494
6487
6481
6474
6468
6461
6455
6449
6442
6436
6429
6423
6416
6410
6404
6397
6391
6384
6378
6372
6365
6359
6352
6346
6340
6333
6327
6321
6314
6308
6302
6296
6289
6283
6277
6270
6264
6258
6252
6245
6239
6233
6227
6220
6214
6208
6202
6196
6189
6183
6177
6171
6165
6158
6152
6146
6140
6134
6128
6122
6115
6109
6103
6097
6091
6085
6079
6073
6067
6061
6055
6049
6042
6036
6030
6024
6018
6012
6006
6000
5994
5988
5982
5976
5970
5964
5958
5952
5947
5941
5935
5929
5923
5917
5911
5905
5899
5893
5887
5881
5876
5870
5864
5858
5852
5846
5840
5835
5829
5823
5817
5811
5805
5800
5794
5788
5782
5776
5771
5765
5759
5753
5748
5742
5736
5730
5725
5719
5713
5707
5702
5696
5690
5685
5679
5673
5668
5662
5656
5651
5645
5639
5634
5628
5622
5617
5611
5606
5600
5594
5589
5583
5578
5572
5566
5561
5555
5550
5544
5539
5533
5528
5522
5517
5511
5506
5500
5495
5489
5484
5478
5473
5467
5462
5456
5451
5445
5440
5434
5429
5424
5418
5413
5407
5402
5396
5391
5386
5380
5375
5370
5364
5359
5353
5348
5343
5337
5332
5327
5321
5316
5311
5305
5300
5295
5290
5284
5279
5274
5268
5263
5258
5253
5247
5242
5237
5232
5226
5221
5216
5211
5206
5200
5195
5190
5185
5180
5174
5169
5164
5159
5154
5149
5143
5138
5133
5128
5123
5118
5113
5108
5102
5097
5092
5087
5082
5077
5072
5067
5062
5057
5052
5047
5042
5036
5031
5026
5021
5016
5011
5006
5001
4996
4991
4986
4981
4976
4971
4966
4961
4956
4952
4947
4942
4937
4932
4927
4922
4917
4912
4907
4902
4897
4892
4888
4883
4878
4873
4868
4863
4858
4853
4849
4844
4839
4834
4829
4824
4820
4815
4810
4805
4800
4795
4791
4786
4781
4776
4772
4767
4762
4757
4753
4748
4743
4738
4734
4729
4724
4719
4715
4710
4705
4700
4696
4691
4686
4682
4677
4672
4668
4663
4658
4654
4649
4644
4640
4635
4630
4626
4621
4617
4612
4607
4603
4598
4594
4589
4584
4580
4575
4571
4566
4561
4557
4552
4548
4543
4539
4534
4530
4525
4521
4516
4512
4507
4503
4498
4494
4489
4485
4480
4476
4471
4467
4462
4458
4453
4449
4444
4440
4435
4431
4427
4422
4418
4413
4409
4404
4400
4396
4391
4387
4383
4378
4374
4369
4365
4361
4356
4352
4348
4343
4339
4335
4330
4326
4322
4317
4313
4309
4304
4300
4296
4291
4287
4283
4279
4274
4270
4266
4261
4257
4253
4249
4244
4240
4236
4232
4227
4223
4219
4215
4211
4206
4202
4198
4194
4190
4185
4181
4177
4173
4169
4164
4160
4156
4152
4148
4144
4140
4135
4131
4127
4123
4119
4115
4111
4107
4102
4098
4094
4090
4086
4082
4078
4074
4070
4066
4062
4058
4053
4049
4045
4041
4037
4033
4029
4025
4021
4017
4013
4009
4005
4001
3997
3993
3989
3985
3981
3977
3973
3969
3965
3961
3957
3953
3949
3945
3941
3938
3934
3930
3926
3922
3918
3914
3910
3906
3902
3898
3894
3891
3887
3883
3879
3875
3871
3867
3863
3860
3856
3852
3848
3844
3840
3836
3833
3829
3825
3821
3817
3813
3810
3806
3802
3798
3794
3791
3787
3783
3779
3775
3772
3768
3764
3760
3757
3753
3749
3745
3742
3738
3734
3730
3727
3723
3719
3716
3712
3708
3704
3701
3697
3693
3690
3686
3682
3679
3675
3671
3668
3664
3660
3657
3653
3649
3646
3642
3638
3635
3631
3627
3624
3620
3616
3613
3609
3606
3602
3598
3595
3591
3588
3584
3580
3577
3573
3570
3566
3563
3559
3555
3552
3548
3545
3541
3538
3534
3531
3527
3524
3520
3517
3513
3510
3506
3503
3499
3496
3492
3489
3485
3482
3478
3475
3471
3468
3464
3461
3457
3454
3450
3447
3443
3440
3437
3433
3430
3426
3423
3419
3416
3413
3409
3406
3402
3399
3396
3392
3389
3385
3382
3379
3375
3372
3368
3365
3362
3358
3355
3352
3348
3345
3342
3338
3335
3332
3328
3325
3322
3318
3315
3312
3308
3305
3302
3298
3295
3292
3289
3285
3282
3279
3275
3272
3269
3266
3262
3259
3256
3253
3249
3246
3243
3240
3236
3233
3230
3227
3223
3220
3217
3214
3210
3207
3204
3201
3198
3194
3191
3188
3185
3182
3179
3175
3172
3169
3166
3163
3160
3156
3153
3150
3147
3144
3141
3137
3134
3131
3128
3125
3122
3119
3116
3112
3109
3106
3103
3100
3097
3094
3091
3088
3085
3081
3078
3075
3072
3069
3066
3063
3060
3057
3054
3051
3048
3045
3042
3039
3036
3032
3029
3026
3023
3020
3017
3014
3011
3008
3005
3002
2999
2996
2993
2990
2987
2984
2981
2978
2975
2972
2969
2966
2964
2961
2958
2955
2952
2949
2946
2943
2940
2937
2934
2931
2928
2925
2922
2919
2916
2914
2911
2908
2905
2902
2899
2896
2893
2890
2887
2885
2882
2879
2876
2873
2870
2867
2864
2862
2859
2856
2853
2850
2847
2844
2842
2839
2836
2833
2830
2827
2825
2822
2819
2816
2813
2810
2808
2805
2802
2799
2796
2794
2791
2788
2785
2782
2780
2777
2774
2771
2769
2766
2763
2760
2757
2755
2752
2749
2746
2744
2741
2738
2736
2733
2730
2727
2725
2722
2719
2716
2714
2711
2708
2706
2703
2700
2697
2695
2692
2689
2687
2684
2681
2679
2676
2673
2671
2668
2665
2663
2660
2657
2655
2652
2649
2647
2644
2641
2639
2636
2633
2631
2628
2626
2623
2620
2618
2615
2612
2610
2607
2605
2602
2599
2597
2594
2592
2589
2586
2584
2581
2579
2576
2574
2571
2568
2566
2563
2561
2558
2556
2553
2550
2548
2545
2543
2540
2538
2535
2533
2530
2528
2525
2523
2520
2517
2515
2512
2510
2507
2505
2502
2500
2497
2495
2492
2490
2487
2485
2482
2480
2477
2475
2473
2470
2468
2465
2463
2460
2458
2455
2453
2450
2448
2445
2443
2441
2438
2436
2433
2431
2428
2426
2424
2421
2419
2416
2414
2411
2409
2407
2404
2402
2399
2397
2395
2392
2390
2387
2385
2383
2380
2378
2376
2373
2371
2368
2366
2364
2361
2359
2357
2354
2352
2350
2347
2345
2342
2340
2338
2335
2333
2331
2328
2326
2324
2321
2319
2317
2315
2312
2310
2308
2305
2303
2301
2298
2296
2294
2291
2289
2287
2285
2282
2280
2278
2275
2273
2271
2269
2266
2264
2262
2260
2257
2255
2253
2251
2248
2246
2244
2242
2239
2237
2235
2233
2230
2228
2226
2224
2221
2219
2217
2215
2213
2210
2208
2206
2204
2202
2199
2197
2195
2193
2191
2188
2186
2184
2182
2180
2177
2175
2173
2171
2169
2167
2164
2162
2160
2158
2156
2154
2151
2149
2147
2145
2143
2141
2139
2136
2134
2132
2130
2128
2126
2124
2122
2119
2117
2115
2113
2111
2109
2107
2105
2103
2100
2098
2096
2094
2092
2090
2088
2086
2084
2082
2079
2077
2075
2073
2071
2069
2067
2065
2063
2061
2059
2057
2055
2053
2051
2049
2046
2044
2042
2040
2038
2036
2034
2032
2030
2028
2026
2024
2022
2020
2018
2016
2014
2012
2010
2008
2006
2004
2002
2000
1998
1996
1994
1992
1990
1988
1986
1984
1982
1980
1978
1976
1974
1972
1970
1968
1966
1964
1962
1960
1958
1956
1954
1952
1950
1949
1947
1945
1943
1941
1939
1937
1935
1933
1931
1929
1927
1925
1923
1921
1919
1918
1916
1914
1912
1910
1908
1906
1904
1902
1900
1898
1897
1895
1893
1891
1889
1887
1885
1883
1881
1880
1878
1876
1874
1872
1870
1868
1866
1865
1863
1861
1859
1857
1855
1853
1852
1850
1848
1846
1844
1842
1840
1839
1837
1835
1833
1831
1829
1828
1826
1824
1822
1820
1819
1817
1815
1813
1811
1809
1808
1806
1804
1802
1800
1799
1797
1795
1793
1791
1790
1788
1786
1784
1782
1781
1779
1777
1775
1774
1772
1770
1768
1766
1765
1763
1761
1759
1758
1756
1754
1752
1751
1749
1747
1745
1744
1742
1740
1738
1737
1735
1733
1731
1730
1728
1726
1725
1723
1721
1719
1718
1716
1714
1713
1711
1709
1707
1706
1704
1702
1701
1699
1697
1695
1694
1692
1690
1689
1687
1685
1684
1682
1680
1679
1677
1675
1674
1672
1670
1669
1667
1665
1664
1662
1660
1659
1657
1655
1654
1652
1650
1649
1647
1645
1644
1642
1640
1639
1637
1635
1634
1632
1631
1629
1627
1626
1624
1622
1621
1619
1618
1616
1614
1613
1611
1610
1608
1606
1605
1603
1601
1600
1598
1597
1595
1593
1592
1590
1589
1587
1586
1584
1582
1581
1579
1578
1576
1574
1573
1571
1570
1568
1567
1565
1563
1562
1560
1559
1557
1556
1554
1553
1551
1549
1548
1546
1545
1543
1542
1540
1539
1537
1536
1534
1532
1531
1529
1528
1526
1525
1523
1522
1520
1519
1517
1516
1514
1513
1511
1510
1508
1507
1505
1504
1502
1501
1499
1498
1496
1495
1493
1492
1490
1489
1487
1486
1484
1483
1481
1480
1478
1477
1475
1474
1472
1471
1469
1468
1466
1465
1464
1462
1461
1459
1458
1456
1455
1453
1452
1450
1449
1447
1446
1445
1443
1442
1440
1439
1437
1436
1435
1433
1432
1430
1429
1427
1426
1425
1423
1422
1420
1419
1417
1416
1415
1413
1412
1410
1409
1407
1406
1405
1403
1402
1400
1399
1398
1396
1395
1393
1392
1391
1389
1388
1387
1385
1384
1382
1381
1380
1378
1377
1375
1374
1373
1371
1370
1369
1367
1366
1364
1363
1362
1360
1359
1358
1356
1355
1354
1352
1351
1350
1348
1347
1346
1344
1343
1341
1340
1339
1337
1336
1335
1333
1332
1331
1329
1328
1327
1325
1324
1323
1321
1320
1319
1318
1316
1315
1314
1312
1311
1310
1308
1307
1306
1304
1303
1302
1300
1299
1298
1297
1295
1294
1293
1291
1290
1289
1288
1286
1285
1284
1282
1281
1280
1279
1277
1276
1275
1273
1272
1271
1270
1268
1267
1266
1265
1263
1262
1261
1260
1258
1257
1256
1254
1253
1252
1251
1249
1248
1247
1246
1244
1243
1242
1241
1239
1238
1237
1236
1235
1233
1232
1231
1230
1228
1227
1226
1225
1223
1222
1221
1220
1219
1217
1216
1215
1214
1212
1211
1210
1209
1208
1206
1205
1204
1203
1202
1200
1199
1198
1197
1196
1194
1193
1192
1191
1190
1188
1187
1186
1185
1184
1183
1181
1180
1179
1178
1177
1175
1174
1173
1172
1171
1170
1168
1167
1166
1165
1164
1163
1161
1160
1159
1158
1157
1156
1154
1153
1152
1151
1150
1149
1148
1146
1145
1144
1143
1142
1141
1140
1138
1137
1136
1135
1134
1133
1132
1130
1129
1128
1127
1126
1125
1124
1123
1121
1120
1119
1118
1117
1116
1115
1114
1112
1111
1110
1109
1108
1107
1106
1105
1104
1103
1101
1100
1099
1098
1097
1096
1095
1094
1093
1092
1090
1089
1088
1087
1086
1085
1084
1083
1082
1081
1080
1079
1077
1076
1075
1074
1073
1072
1071
1070
1069
1068
1067
1066
1065
1063
1062
1061
1060
1059
1058
1057
1056
1055
1054
1053
1052
1051
1050
1049
1048
1047
1046
1045
1043
1042
1041
1040
1039
1038
1037
1036
1035
1034
1033
1032
1031
1030
1029
1028
1027
1026
1025
1024
1023
1022
1021
1020
1019
1018
1017
1016
1015
1014
1013
1012
1011
1010
1009
1008
1007
1006
1005
1004
1003
1001
1000
999
998
997
996
996
995
994
993
992
991
990
989
988
987
986
985
984
983
982
981
980
979
978
977
976
975
974
973
972
971
970
969
968
967
966
965
964
963
962
961
960
959
958
957
956
955
955
954
953
952
951
950
949
948
947
946
945
944
943
942
941
940
939
938
937
937
936
935
934
933
932
931
930
929
928
927
926
925
924
924
923
922
921
920
919
918
917
916
915
914
913
912
912
911
910
909
908
907
906
905
904
903
902
902
901
900
899
898
897
896
895
894
893
893
892
891
890
889
888
887
886
885
885
884
883
882
881
880
879
878
878
877
876
875
874
873
872
871
871
870
869
868
867
866
865
864
864
863
862
861
860
859
858
858
857
856
855
854
853
852
852
851
850
849
848
847
846
846
845
844
843
842
841
841
840
839
838
837
836
836
835
834
833
832
831
831
830
829
828
827
826
826
825
824
823
822
821
821
820
819
818
817
817
816
815
814
813
812
812
811
810
809
808
808
807
806
805
804
804
803
802
801
800
800
799
798
797
796
796
795
794
793
792
792
791
790
789
788
788
787
786
785
784
784
783
782
781
781
780
779
778
777
777
776
775
774
774
773
772
771
770
770
769
768
767
767
766
765
764
764
763
762
761
760
760
759
758
757
757
756
755
754
754
753
752
751
751
750
749
748
748
747
746
745
745
744
743
742
742
741
740
739
739
738
737
737
736
735
734
734
733
732
731
731
730
729
728
728
727
726
726
725
724
723
723
722
721
720
720
719
718
718
717
716
715
715
714
713
713
712
711
710
710
709
708
708
707
706
705
705
704
703
703
702
701
701
700
699
698
698
697
696
696
695
694
694
693
692
691
691
690
689
689
688
687
687
686
685
685
684
683
683
682
681
680
680
679
678
678
677
676
676
675
674
674
673
672
672
671
670
670
669
668
668
667
666
666
665
664
664
663
662
662
661
660
660
659
658
658
657
656
656
655
654
654
653
652
652
651
651
650
649
649
648
647
647
646
645
645
644
643
643
642
641
641
640
640
639
638
638
637
636
636
635
634
634
633
633
632
631
631
630
629
629
628
627
627
626
626
625
624
624
623
622
622
621
621
620
619
619
618
618
617
616
616
615
614
614
613
613
612
611
611
610
610
609
608
608
607
606
606
605
605
604
603
603
602
602
601
600
600
599
599
598
597
597
596
596
595
594
594
593
593
592
591
591
590
590
589
589
588
587
587
586
586
585
584
584
583
583
582
582
581
580
580
579
579
578
577
577
576
576
575
575
574
573
573
572
572
571
571
570
569
569
568
568
567
567
566
565
565
564
564
563
563
562
561
561
560
560
559
559
558
558
557
556
556
555
555
554
554
553
553
552
551
551
550
550
549
549
548
548
547
547
546
545
545
544
544
543
543
542
542
541
541
540
539
539
538
538
537
537
536
536
535
535
534
534
533
532
532
531
531
530
530
529
529
528
528
527
527
526
526
525
525
524
523
523
522
522
521
521
520
520
519
519
518
518
517
517
516
516
515
515
514
514
513
513
512
512
511
511
510
510
509
508
508
507
507
506
506
505
505
504
504
503
503
502
502
501
501
500
500
499
499
498
498
497
497
496
496
495
495
494
494
493
493
492
492
491
491
490
490
489
489
489
488
488
487
487
486
486
485
485
484
484
483
483
482
482
481
481
480
480
479
479
478
478
477
477
476
476
475
475
475
474
474
473
473
472
472
471
471
470
470
469
469
468
468
467
467
467
466
466
465
465
464
464
463
463
462
462
461
461
460
460
460
459
459
458
458
457
457
456
456
455
455
455
454
454
453
453
452
452
451
451
450
450
450
449
449
448
448
447
447
446
446
446
445
445
444
444
443
443
442
442
442
441
441
440
440
439
439
438
438
438
437
437
436
436
435
435
434
434
434
433
433
432
432
431
431
431
430
430
429
429
428
428
428
427
427
426
426
425
425
425
424
424
423
423
422
422
422
421
421
420
420
420
419
419
418
418
417
417
417
416
416
415
415
415
414
414
413
413
412
412
412
411
411
410
410
410
409
409
408
408
408
407
407
406
406
405
405
405
404
404
403
403
403
402
402
401
401
401
400
400
399
399
399
398
398
397
397
397
396
396
395
395
395
394
394
393
393
393
392
392
392
391
391
390
390
390
389
389
388
388
388
387
387
386
386
386
385
385
385
384
384
383
383
383
382
382
381
381
381
380
380
380
379
379
378
378
378
377
377
377
376
376
375
375
375
374
374
374
373
373
372
372
372
371
371
371
370
370
369
369
369
368
368
368
367
367
366
366
366
365
365
365
364
364
364
363
363
362
362
362
361
361
361
360
360
360
359
359
358
358
358
357
357
357
356
356
356
355
355
355
354
354
353
353
353
352
352
352
351
351
351
350
350
350
349
349
349
348
348
348
347
347
346
346
346
345
345
345
344
344
344
343
343
343
342
342
342
341
341
341
340
340
340
339
339
339
338
338
338
337
337
337
336
336
336
335
335
335
334
334
334
333
333
333
332
332
332
331
331
331
330
330
330
329
329
329
328
328
328
327
327
327
326
326
326
325
325
325
324
324
324
323
323
323
322
322
322
321
321
321
320
320
320
319
319
319
318
318
318
318
317
317
317
316
316
316
315
315
315
314
314
314
313
313
313
312
312
312
312
311
311
311
310
310
310
309
309
309
308
308
308
308
307
307
307
306
306
306
305
305
305
304
304
304
304
303
303
303
302
302
302
301
301
301
301
300
300
300
299
299
299
298
298
298
298
297
297
297
296
296
296
295
295
295
295
294
294
294
293
293
293
292
292
292
292
291
291
291
290
290
290
290
289
289
289
288
288
288
288
287
287
287
286
286
286
286
285
285
285
284
284
284
284
283
283
283
282
282
282
282
281
281
281
280
280
280
280
279
279
279
278
278
278
278
277
277
277
277
276
276
276
275
275
275
275
274
274
274
273
273
273
273
272
272
272
272
271
271
271
270
270
270
270
269
269
269
269
268
268
268
268
267
267
267
266
266
266
266
265
265
265
265
264
264
264
264
263
263
263
262
262
262
262
261
261
261
261
260
260
260
260
259
259
259
259
258
258
258
258
257
257
257
256
256
256
256
255
255
255
255
254
254
254
254
253
253
253
253
252
252
252
252
251
251
251
251
250
250
250
250
249
249
249
249
248
248
248
248
247
247
247
247
246
246
246
246
245
245
245
245
244
244
244
244
243
243
243
243
242
242
242
242
242
241
241
241
241
240
240
240
240
239
239
239
239
238
238
238
238
237
237
237
237
236
236
236
236
236
235
235
235
235
234
234
234
234
233
233
233
233
232
232
232
232
232
231
231
231
231
230
230
230
230
229
229
229
229
229
228
228
228
228
227
227
227
227
227
226
226
226
226
225
225
225
225
224
224
224
224
224
223
223
223
223
222
222
222
222
222
221
221
221
221
220
220
220
220
220
219
219
219
219
218
218
218
218
218
217
217
217
217
217
216
216
216
216
215
215
215
215
215
214
214
214
214
214
213
213
213
213
212
212
212
212
212
211
211
211
211
211
210
210
210
210
209
209
209
209
209
208
208
208
208
208
207
207
207
207
207
206
206
206
206
206
205
205
205
205
204
204
204
204
204
203
203
203
203
203
202
202
202
202
202
201
201
201
201
201
200
200
200
200
200
199
199
199
199
199
198
198
198
198
198
197
197
197
197
197
196
196
196
196
196
195
195
195
195
195
194
194
194
194
194
194
193
193
193
193
193
192
192
192
192
192
191
191
191
191
191
190
190
190
190
190
189
189
189
189
189
189
188
188
188
188
188
187
187
187
187
187
186
186
186
186
186
186
185
185
185
185
185
184
184
184
184
184
183
183
183
183
183
183
182
182
182
182
182
181
181
181
181
181
181
180
180
180
180
180
179
179
179
179
179
179
178
178
178
178
178
178
177
177
177
177
177
176
176
176
176
176
176
175
175
175
175
175
175
174
174
174
174
174
173
173
173
173
173
173
172
172
172
172
172
172
171
171
171
171
171
171
170
170
170
170
170
170
169
169
169
169
169
168
168
168
168
168
168
167
167
167
167
167
167
166
166
166
166
166
166
165
165
165
165
165
165
164
164
164
164
164
164
163
163
163
163
163
163
163
162
162
162
162
162
162
161
161
161
161
161
161
160
160
160
160
160
160
159
159
159
159
159
159
158
158
158
158
158
158
158
157
157
157
157
157
157
156
156
156
156
156
156
155
155
155
155
155
155
155
154
154
154
154
154
154
153
153
153
153
153
153
153
152
152
152
152
152
152
151
151
151
151
151
151
151
150
150
150
150
150
150
150
149
149
149
149
149
149
148
148
148
148
148
148
148
147
147
147
147
147
147
147
146
146
146
146
146
146
146
145
145
145
145
145
145
145
144
144
144
144
144
144
143
143
143
143
143
143
143
142
142
142
142
142
142
142
141
141
141
141
141
141
141
141
140
140
140
140
140
140
140
139
139
139
139
139
139
139
138
138
138
138
138
138
138
137
137
137
137
137
137
137
136
136
136
136
136
136
136
136
135
135
135
135
135
135
135
134
134
134
134
134
134
134
133
133
133
133
133
133
133
133
132
132
132
132
132
132
132
131
131
131
131
131
131
131
131
130
130
130
130
130
130
130
130
129
129
129
129
129
129
129
128
128
128
128
128
128
128
128
127
127
127
127
127
127
127
127
126
126
126
126
126
126
126
126
125
125
125
125
125
125
125
125
124
124
124
124
124
124
124
124
123
123
123
123
123
123
123
123
122
122
122
122
122
122
122
122
121
121
121
121
121
121
121
121
120
120
120
120
120
120
120
120
120
119
119
119
119
119
119
119
119
118
118
118
118
118
118
118
118
117
117
117
117
117
117
117
117
117
116
116
116
116
116
116
116
116
116
115
115
115
115
115
115
115
115
114
114
114
114
114
114
114
114
114
113
113
113
113
113
113
113
113
113
112
112
112
112
112
112
112
112
112
111
111
111
111
111
111
111
111
111
110
110
110
110
110
110
110
110
110
109
109
109
109
109
109
109
109
109
108
108
108
108
108
108
108
108
108
107
107
107
107
107
107
107
107
107
106
106
106
106
106
106
106
106
106
106
105
105
105
105
105
105
105
105
105
104
104
104
104
104
104
104
104
104
104
103
103
103
103
103
103
103
103
103
102
102
102
102
102
102
102
102
102
102
101
101
101
101
101
101
101
101
101
101
100
100
100
100
100
100
100
100
100
100
99
99
99
99
99
99
99
99
99
99
98
98
98
98
98
98
98
98
98
98
97
97
97
97
97
97
97
97
97
97
96
96
96
96
96
96
96
96
96
96
96
95
95
95
95
95
95
95
95
95
95
94
94
94
94
94
94
94
94
94
94
94
93
93
93
93
93
93
93
93
93
93
92
92
92
92
92
92
92
92
92
92
92
91
91
91
91
91
91
91
91
91
91
91
90
90
90
90
90
90
90
90
90
90
90
89
89
89
89
89
89
89
89
89
89
89
88
88
88
88
88
88
88
88
88
88
88
88
87
87
87
87
87
87
87
87
87
87
87
86
86
86
86
86
86
86
86
86
86
86
86
85
85
85
85
85
85
85
85
85
85
85
84
84
84
84
84
84
84
84
84
84
84
84
83
83
83
83
83
83
83
83
83
83
83
83
82
82
82
82
82
82
82
82
82
82
82
82
81
81
81
81
81
81
81
81
81
81
81
81
81
80
80
80
80
80
80
80
80
80
80
80
80
79
79
79
79
79
79
79
79
79
79
79
79
79
78
78
78
78
78
78
78
78
78
78
78
78
77
77
77
77
77
77
77
77
77
77
77
77
77
76
76
76
76
76
76
76
76
76
76
76
76
76
75
75
75
75
75
75
75
75
75
75
75
75
75
74
74
74
74
74
74
74
74
74
74
74
74
74
74
73
73
73
73
73
73
73
73
73
73
73
73
73
72
72
72
72
72
72
72
72
72
72
72
72
72
72
71
71
71
71
71
71
71
71
71
71
71
71
71
71
70
70
70
70
70
70
70
70
70
70
70
70
70
70
69
69
69
69
69
69
69
69
69
69
69
69
69
69
69
68
68
68
68
68
68
68
68
68
68
68
68
68
68
67
67
67
67
67
67
67
67
67
67
67
67
67
67
67
66
66
66
66
66
66
66
66
66
66
66
66
66
66
66
65
65
65
65
65
65
65
65
65
65
65
65
65
65
65
64
64
64
64
64
64
64
64
64
64
64
64
64
64
64
64
63
63
63
63
63
63
63
63
63
63
63
63
63
63
63
63
62
62
62
62
62
62
62
62
62
62
62
62
62
62
62
62
61
61
61
61
61
61
61
61
61
61
61
61
61
61
61
61
60
60
60
60
60
60
60
60
60
60
60
60
60
60
60
60
60
59
59
59
59
59
59
59
59
59
59
59
59
59
59
59
59
58
58
58
58
58
58
58
58
58
58
58
58
58
58
58
58
58
57
57
57
57
57
57
57
57
57
57
57
57
57
57
57
57
57
57
56
56
56
56
56
56
56
56
56
56
56
56
56
56
56
56
56
55
55
55
55
55
55
55
55
55
55
55
55
55
55
55
55
55
55
54
54
54
54
54
54
54
54
54
54
54
54
54
54
54
54
54
54
54
53
53
53
53
53
53
53
53
53
53
53
53
53
53
53
53
53
53
52
52
52
52
52
52
52
52
52
52
52
52
52
52
52
52
52
52
52
52
51
51
51
51
51
51
51
51
51
51
51
51
51
51
51
51
51
51
51
50
50
50
50
50
50
50
50
50
50
50
50
50
50
50
50
50
50
50
50
49
49
49
49
49
49
49
49
49
49
49
49
49
49
49
49
49
49
49
49
48
48
48
48
48
48
48
48
48
48
48
48
48
48
48
48
48
48
48
48
48
47
47
47
47
47
47
47
47
47
47
47
47
47
47
47
47
47
47
47
47
47
46
46
46
46
46
46
46
46
46
46
46
46
46
46
46
46
46
46
46
46
46
45
45
45
45
45
45
45
45
45
45
45
45
45
45
45
45
45
45
45
45
45
45
44
44
44
44
44
44
44
44
44
44
44
44
44
44
44
44
44
44
44
44
44
44
44
43
43
43
43
43
43
43
43
43
43
43
43
43
43
43
43
43
43
43
43
43
43
42
42
42
42
42
42
42
42
42
42
42
42
42
42
42
42
42
42
42
42
42
42
42
42
41
41
41
41
41
41
41
41
41
41
41
41
41
41
41
41
41
41
41
41
41
41
41
41
40
40
40
40
40
40
40
40
40
40
40
40
40
40
40
40
40
40
40
40
40
40
40
40
40
39
39
39
39
39
39
39
39
39
39
39
39
39
39
39
39
39
39
39
39
39
39
39
39
39
38
38
38
38
38
38
38
38
38
38
38
38
38
38
38
38
38
38
38
38
38
38
38
38
38
38
37
37
37
37
37
37
37
37
37
37
37
37
37
37
37
37
37
37
37
37
37
37
37
37
37
37
37
36
36
36
36
36
36
36
36
36
36
36
36
36
36
36
36
36
36
36
36
36
36
36
36
36
36
36
35
35
35
35
35
35
35
35
35
35
35
35
35
35
35
35
35
35
35
35
35
35
35
35
35
35
35
35
34
34
34
34
34
34
34
34
34
34
34
34
34
34
34
34
34
34
34
34
34
34
34
34
34
34
34
34
34
33
33
33
33
33
33
33
33
33
33
33
33
33
33
33
33
33
33
33
33
33
33
33
33
33
33
33
33
33
33
32
32
32
32
32
32
32
32
32
32
32
32
32
32
32
32
32
32
32
32
32
32
32
32
32
32
32
32
32
32
32
31
31
31
31
31
31
31
31
31
31
31
31
31
31
31
31
31
31
31
31
31
31
31
31
31
31
31
31
31
31
31
31
30
30
30
30
30
30
30
30
30
30
30
30
30
30
30
30
30
30
30
30
30
30
30
30
30
30
30
30
30
30
30
30
29
29
29
29
29
29
29
29
29
29
29
29
29
29
29
29
29
29
29
29
29
29
29
29
29
29
29
29
29
29
29
29
29
29
28
28
28
28
28
28
28
28
28
28
28
28
28
28
28
28
28
28
28
28
28
28
28
28
28
28
28
28
28
28
28
28
28
28
28
27
27
27
27
27
27
27
27
27
27
27
27
27
27
27
27
27
27
27
27
27
27
27
27
27
27
27
27
27
27
27
27
27
27
27
27
27
26
26
26
26
26
26
26
26
26
26
26
26
26
26
26
26
26
26
26
26
26
26
26
26
26
26
26
26
26
26
26
26
26
26
26
26
26
25
25
25
25
25
25
25
25
25
25
25
25
25
25
25
25
25
25
25
25
25
25
25
25
25
25
25
25
25
25
25
25
25
25
25
25
25
25
25
25
24
24
24
24
24
24
24
24
24
24
24
24
24
24
24
24
24
24
24
24
24
24
24
24
24
24
24
24
24
24
24
24
24
24
24
24
24
24
24
24
23
23
23
23
23
23
23
23
23
23
23
23
23
23
23
23
23
23
23
23
23
23
23
23
23
23
23
23
23
23
23
23
23
23
23
23
23
23
23
23
23
23
23
22
22
22
22
22
22
22
22
22
22
22
22
22
22
22
22
22
22
22
22
22
22
22
22
22
22
22
22
22
22
22
22
22
22
22
22
22
22
22
22
22
22
22
22
21
21
21
21
21
21
21
21
21
21
21
21
21
21
21
21
21
21
21
21
21
21
21
21
21
21
21
21
21
21
21
21
21
21
21
21
21
21
21
21
21
21
21
21
21
21
21
20
20
20
20
20
20
20
20
20
20
20
20
20
20
20
20
20
20
20
20
20
20
20
20
20
20
20
20
20
20
20
20
20
20
20
20
20
20
20
20
20
20
20
20
20
20
20
20
20
19
19
19
19
19
19
19
19
19
19
19
19
19
19
19
19
19
19
19
19
19
19
19
19
19
19
19
19
19
19
19
19
19
19
19
19
19
19
19
19
19
19
19
19
19
19
19
19
19
19
19
18
18
18
18
18
18
18
18
18
18
18
18
18
18
18
18
18
18
18
18
18
18
18
18
18
18
18
18
18
18
18
18
18
18
18
18
18
18
18
18
18
18
18
18
18
18
18
18
18
18
18
18
18
18
17
17
17
17
17
17
17
17
17
17
17
17
17
17
17
17
17
17
17
17
17
17
17
17
17
17
17
17
17
17
17
17
17
17
17
17
17
17
17
17
17
17
17
17
17
17
17
17
17
17
17
17
17
17
17
17
17
16
16
16
16
16
16
16
16
16
16
16
16
16
16
16
16
16
16
16
16
16
16
16
16
16
16
16
16
16
16
16
16
16
16
16
16
16
16
16
16
16
16
16
16
16
16
16
16
16
16
16
16
16
16
16
16
16
16
16
16
16
15
15
15
15
15
15
15
15
15
15
15
15
15
15
15
15
15
15
15
15
15
15
15
15
15
15
15
15
15
15
15
15
15
15
15
15
15
15
15
15
15
15
15
15
15
15
15
15
15
15
15
15
15
15
15
15
15
15
15
15
15
15
15
15
14
14
14
14
14
14
14
14
14
14
14
14
14
14
14
14
14
14
14
14
14
14
14
14
14
14
14
14
14
14
14
14
14
14
14
14
14
14
14
14
14
14
14
14
14
14
14
14
14
14
14
14
14
14
14
14
14
14
14
14
14
14
14
14
14
14
14
14
14
13
13
13
13
13
13
13
13
13
13
13
13
13
13
13
13
13
13
13
13
13
13
13
13
13
13
13
13
13
13
13
13
13
13
13
13
13
13
13
13
13
13
13
13
13
13
13
13
13
13
13
13
13
13
13
13
13
13
13
13
13
13
13
13
13
13
13
13
13
13
13
13
13
13
12
12
12
12
12
12
12
12
12
12
12
12
12
12
12
12
12
12
12
12
12
12
12
12
12
12
12
12
12
12
12
12
12
12
12
12
12
12
12
12
12
12
12
12
12
12
12
12
12
12
12
12
12
12
12
12
12
12
12
12
12
12
12
12
12
12
12
12
12
12
12
12
12
12
12
12
12
12
12
12
11
11
11
11
11
11
11
11
11
11
11
11
11
11
11
11
11
11
11
11
11
11
11
11
11
11
11
11
11
11
11
11
11
11
11
11
11
11
11
11
11
11
11
11
11
11
11
11
11
11
11
11
11
11
11
11
11
11
11
11
11
11
11
11
11
11
11
11
11
11
11
11
11
11
11
11
11
11
11
11
11
11
11
11
11
11
11
10
10
10
10
10
10
10
10
10
10
10
10
10
10
10
10
10
10
10
10
10
10
10
10
10
10
10
10
10
10
10
10
10
10
10
10
10
10
10
10
10
10
10
10
10
10
10
10
10
10
10
10
10
10
10
10
10
10
10
10
10
10
10
10
10
10
10
10
10
10
10
10
10
10
10
10
10
10
10
10
10
10
10
10
10
10
10
10
10
10
10
10
10
10
10
9
9
9
9
9
9
9
9
9
9
9
9
9
9
9
9
9
9
9
9
9
9
9
9
9
9
9
9
9
9
9
9
9
9
9
9
9
9
9
9
9
9
9
9
9
9
9
9
9
9
9
9
9
9
9
9
9
9
9
9
9
9
9
9
9
9
9
9
9
9
9
9
9
9
9
9
9
9
9
9
9
9
9
9
9
9
9
9
9
9
9
9
9
9
9
9
9
9
9
9
9
9
9
9
9
9
8
8
8
8
8
8
8
8
8
8
8
8
8
8
8
8
8
8
8
8
8
8
8
8
8
8
8
8
8
8
8
8
8
8
8
8
8
8
8
8
8
8
8
8
8
8
8
8
8
8
8
8
8
8
8
8
8
8
8
8
8
8
8
8
8
8
8
8
8
8
8
8
8
8
8
8
8
8
8
8
8
8
8
8
8
8
8
8
8
8
8
8
8
8
8
8
8
8
8
8
8
8
8
8
8
8
8
8
8
8
8
8
8
8
8
8
8
7
7
7
7
7
7
7
7
7
7
7
7
7
7
7
7
7
7
7
7
7
7
7
7
7
7
7
7
7
7
7
7
7
7
7
7
7
7
7
7
7
7
7
7
7
7
7
7
7
7
7
7
7
7
7
7
7
7
7
7
7
7
7
7
7
7
7
7
7
7
7
7
7
7
7
7
7
7
7
7
7
7
7
7
7
7
7
7
7
7
7
7
7
7
7
7
7
7
7
7
7
7
7
7
7
7
7
7
7
7
7
7
7
7
7
7
7
7
7
7
7
7
7
7
7
7
7
7
7
7
7
7
7
7
6
6
6
6
6
6
6
6
6
6
6
6
6
6
6
6
6
6
6
6
6
6
6
6
6
6
6
6
6
6
6
6
6
6
6
6
6
6
6
6
6
6
6
6
6
6
6
6
6
6
6
6
6
6
6
6
6
6
6
6
6
6
6
6
6
6
6
6
6
6
6
6
6
6
6
6
6
6
6
6
6
6
6
6
6
6
6
6
6
6
6
6
6
6
6
6
6
6
6
6
6
6
6
6
6
6
6
6
6
6
6
6
6
6
6
6
6
6
6
6
6
6
6
6
6
6
6
6
6
6
6
6
6
6
6
6
6
6
6
6
6
6
6
6
6
6
6
6
6
6
6
6
6
6
5
5
5
5
5
5
5
5
5
5
5
5
5
5
5
5
5
5
5
5
5
5
5
5
5
5
5
5
5
5
5
5
5
5
5
5
5
5
5
5
5
5
5
5
5
5
5
5
5
5
5
5
5
5
5
5
5
5
5
5
5
5
5
5
5
5
5
5
5
5
5
5
5
5
5
5
5
5
5
5
5
5
5
5
5
5
5
5
5
5
5
5
5
5
5
5
5
5
5
5
5
5
5
5
5
5
5
5
5
5
5
5
5
5
5
5
5
5
5
5
5
5
5
5
5
5
5
5
5
5
5
5
5
5
5
5
5
5
5
5
5
5
5
5
5
5
5
5
5
5
5
5
5
5
5
5
5
5
5
5
5
5
5
5
5
5
5
5
5
5
5
5
5
5
5
5
5
5
5
5
5
5
4
4
4
4
4
4
4
4
4
4
4
4
4
4
4
4
4
4
4
4
4
4
4
4
4
4
4
4
4
4
4
4
4
4
4
4
4
4
4
4
4
4
4
4
4
4
4
4
4
4
4
4
4
4
4
4
4
4
4
4
4
4
4
4
4
4
4
4
4
4
4
4
4
4
4
4
4
4
4
4
4
4
4
4
4
4
4
4
4
4
4
4
4
4
4
4
4
4
4
4
4
4
4
4
4
4
4
4
4
4
4
4
4
4
4
4
4
4
4
4
4
4
4
4
4
4
4
4
4
4
4
4
4
4
4
4
4
4
4
4
4
4
4
4
4
4
4
4
4
4
4
4
4
4
4
4
4
4
4
4
4
4
4
4
4
4
4
4
4
4
4
4
4
4
4
4
4
4
4
4
4
4
4
4
4
4
4
4
4
4
4
4
4
4
4
4
4
4
4
4
4
4
4
4
4
4
4
4
4
4
4
4
4
4
4
4
4
4
4
4
4
4
4
3
3
3
3
3
3
3
3
3
3
3
3
3
3
3
3
3
3
3
3
3
3
3
3
3
3
3
3
3
3
3
3
3
3
3
3
3
3
3
3
3
3
3
3
3
3
3
3
3
3
3
3
3
3
3
3
3
3
3
3
3
3
3
3
3
3
3
3
3
3
3
3
3
3
3
3
3
3
3
3
3
3
3
3
3
3
3
3
3
3
3
3
3
3
3
3
3
3
3
3
3
3
3
3
3
3
3
3
3
3
3
3
3
3
3
3
3
3
3
3
3
3
3
3
3
3
3
3
3
3
3
3
3
3
3
3
3
3
3
3
3
3
3
3
3
3
3
3
3
3
3
3
3
3
3
3
3
3
3
3
3
3
3
3
3
3
3
3
3
3
3
3
3
3
3
3
3
3
3
3
3
3
3
3
3
3
3
3
3
3
3
3
3
3
3
3
3
3
3
3
3
3
3
3
3
3
3
3
3
3
3
3
3
3
3
3
3
3
3
3
3
3
3
3
3
3
3
3
3
3
3
3
3
3
3
3
3
3
3
3
3
3
3
3
3
3
3
3
3
3
3
3
3
3
3
3
3
3
3
3
3
3
3
3
3
3
3
3
3
3
3
3
3
3
3
3
3
3
3
3
3
3
3
3
3
3
3
3
2
2
2
2
2
2
2
2
2
2
2
2
2
2
2
2
2
2
2
2
2
2
2
2
2
2
2
2
2
2
2
2
2
2
2
2
2
2
2
2
2
2
2
2
2
2
2
2
2
2
2
2
2
2
2
2
2
2
2
2
2
2
2
2
2
2
2
2
2
2
2
2
2
2
2
2
2
2
2
2
2
2
2
2
2
2
2
2
2
2
2
2
2
2
2
2
2
2
2
2
2
2
2
2
2
2
2
2
2
2
2
2
2
2
2
2
2
2
2
2
2
2
2
2
2
2
2
2
2
2
2
2
2
2
2
2
2
2
2
2
2
2
2
2
2
2
2
2
2
2
2
2
2
2
2
2
2
2
2
2
2
2
2
2
2
2
2
2
2
2
2
2
2
2
2
2
2
2
2
2
2
2
2
2
2
2
2
2
2
2
2
2
2
2
2
2
2
2
2
2
2
2
2
2
2
2
2
2
2
2
2
2
2
2
2
2
2
2
2
2
2
2
2
2
2
2
2
2
2
2
2
2
2
2
2
2
2
2
2
2
2
2
2
2
2
2
2
2
2
2
2
2
2
2
2
2
2
2
2
2
2
2
2
2
2
2
2
2
2
2
2
2
2
2
2
2
2
2
2
2
2
2
2
2
2
2
2
2
2
2
2
2
2
2
2
2
2
2
2
2
2
2
2
2
2
2
2
2
2
2
2
2
2
2
2
2
2
2
2
2
2
2
2
2
2
2
2
2
2
2
2
2
2
2
2
2
2
2
2
2
2
2
2
2
2
2
2
2
2
2
2
2
2
2
2
2
2
2
2
2
2
2
2
2
2
2
2
2
2
2
2
2
2
2
2
2
2
2
2
2
2
2
2
2
2
2
2
2
2
2
2
2
2
2
2
2
2
2
2
2
2
2
2
2
2
1
1
1
1
1
1
1
1
1
1
1
1
1
1
1
1
1
1
1
1
1
1
1
1
1
1
1
1
1
1
1
1
1
1
1
1
1
1
1
1
1
1
1
1
1
1
1
1
1
1
1
1
1
1
1
1
1
1
1
1
1
1
1
1
1
1
1
1
1
1
1
1
1
1
1
1
1
1
1
1
1
1
1
1
1
1
1
1
1
1
1
1
1
1
1
1
1
1
1
1
1
1
1
1
1
1
1
1
1
1
1
1
1
1
1
1
1
1
1
1
1
1
1
1
1
1
1
1
1
1
1
1
1
1
1
1
1
1
1
1
1
1
1
1
1
1
1
1
1
1
1
1
1
1
1
1
1
1
1
1
1
1
1
1
1
1
1
1
1
1
1
1
1
1
1
1
1
1
1
1
1
1
1
1
1
1
1
1
1
1
1
1
1
1
1
1
1
1
1
1
1
1
1
1
1
1
1
1
1
1
1
1
1
1
1
1
1
1
1
1
1
1
1
1
1
1
1
1
1
1
1
1
1
1
1
1
1
1
1
1
1
1
1
1
1
1
1
1
1
1
1
1
1
1
1
1
1
1
1
1
1
1
1
1
1
1
1
1
1
1
1
1
1
1
1
1
1
1
1
1
1
1
1
1
1
1
1
1
1
1
1
1
1
1
1
1
1
1
1
1
1
1
1
1
1
1
1
1
1
1
1
1
1
1
1
1
1
1
1
1
1
1
1
1
1
1
1
1
1
1
1
1
1
1
1
1
1
1
1
1
1
1
1
1
1
1
1
1
1
1
1
1
1
1
1
1
1
1
1
1
1
1
1
1
1
1
1
1
1
1
1
1
1
1
1
1
1
1
1
1
1
1
1
1
1
1
1
1
1
1
1
1
1
1
1
1
1
1
1
1
1
1
1
1
1
1
1
1
1
1
1
1
1
1
1
1
1
1
1
1
1
1
1
1
1
1
1
1
1
1
1
1
1
1
1
1
1
1
1
1
1
1
1
1
1
1
1
1
1
1
1
1
1
1
1
1
1
1
1
1
1
1
1
1
1
1
1
1
1
1
1
1
1
1
1
1
1
1
1
1
1
1
1
1
1
1
1
1
1
1
1
1
1
1
1
1
1
1
1
1
1
1
1
1
1
1
1
1
1
1
1
1
1
1
1
1
1
1
1
1
1
1
1
1
1
1
1
1
1
1
1
1
1
1
1
1
1
1
1
1
1
1
1
1
1
1
1
1
1
1
1
1
1
1
1
1
1
1
1
1
1
1
1
1
1
1
1
1
1
1
1
1
1
1
1
1
1
1
1
1
1
1
1
1
1
1
1
1
1
1
1
1
1
1
1
1
1
1
1
1
1
1
1
1
1
1
1
1
1
1
1
1
1
1
1
1
1
1
1
1
1
1
1
1
1
1
1
1
1
1
1
1
1
1
1
1
1
1
1
1
1
1
1
1
1
1
1
1
1
1
1
1
1
1
1
1
1
1
1
1
1
1
1
1
1
1
1
1
1
1
1
1
1
1
1
1
1
1
1
1
1
1
1
1
1
1
1
1
1
1
1
1
1
0
0
0
0
0
0
0
0
0
0
0
0
0
0
0
0
0
0
0
0
0
0
0
0
0
0
0
0
0
0
0
0
0
0
0
0
0
0
0
0
0
0
0
0
0
0
0
0
0
0
0
0
0
0
0
0
0
0
0
0
0
0
0
0
0
0
0
0
0
0
0
0
0
0
0
0
0
0
0
0
0
0
0
0
0
0
0
0
0
0
0
0
0
0
0
0
0
0
0
0
0
0
0
0
0
0
0
0
0
0
0
0
0
0
0
0
0
0
0
0
0
0
0
0
0
0
0
0
0
0
0
0
0
0
0
0
0
0
0
0
0
0
0
0
0
0
0
0
0
0
0
0
0
0
0
0
0
0
0
0
0
0
0
0
0
0
0
0
0
0
0
0
0
0
0
0
0
0
0
0
0
0
0
0
0
0
0
0
0
0
0
0
0
0
0
0
0
0
0
0
0
0
0
0
0
0
0
0
0
0
0
0
0
0
0
0
0
0
0
0
0
0
0
0
0
0
0
0
0
0
0
0
0
0
0
0
0
0
0
0
0
0
0
0
0
0
0
0
0
0
0
0
0
0
0
0
0
0
0
0
0
0
0
0
0
0
0
0
0
0
0
0
0
0
0
0
0
0
0
0
0
0
0
0
0
0
0
0
0
0
0
0
0
0
0
0
0
0
0
0
0
0
0
0
0
0
0
0
0
0
0
0
0
0
0
0
0
0
0
0
0
0
0
0
0
0
0
0
0
0
0
0
0
0
0
0
0
0
0
0
0
0
0
0
0
0
0
0
0
0
0
0
0
0
0
0
0
0
0
0
0
0
0
0
0
0
0
0
0
0
0
0
0
0
0
0
0
0
0
0
0
0
0
0
0
0
0
0
0
0
0
0
0
0
0
0
0
0
0
0
0
0
0
0
0
0
0
0
0
0
0
0
0
0
0
0
0
0
0
0
0
0
0
0
0
0
0
0
0
0
0
0
0
0
0
0
0
0
0
0
0
0
0
0
0
0
0
0
0
0
0
0
0
0
0
0
0
0
0
0
0
0
0
0
0
0
0
0
0
0
0
0
0
0
0
0
0
0
0
0
0
0
0
0
0
0
0
0
0
0
0
0
0
0
0
0
0
0
0
0
0
0
0
0
0
0
0
0
0
0
0
0
0
0
0
0
0
0
0
0
0
0
0
0
0
0
0
0
0
0
0
0
0
0
0
0
0
0
0
0
0
0
0
0
0
0
0
0
0
0
0
0
0
0
0
0
0
0
0
0
0
0
0
0
0
0
0
0
0
0
0
0
0
0
0
0
0
0
0
0
0
0
0
0
0
0
0
0
0
0
0
0
0
0
0
0
0
0
0
0
0
0
0
0
0
0
0
0
0
0
0
0
0
0
0
0
0
0
0
0
0
0
0
0
0
0
0
0
0
0
0
0
0
0
0
0
0
0
0
0
0
0
0
0
0
0
0
0
0
0
0
0
0
0
0
0
0
0
0
0
0
0
0
0
0
0
0
0
0
0
0
0
0
0
0
0
0
0
0
0
0
0
0
0
0
0
0
0
0
0
0
0
0
0
0
0
0
0
0
0
0
0
0
0
0
0
0
0
0
0
0
0
0
0
0
0
0
0
0
0
0
0
0
0
0
0
0
0
0
0
0
0
0
0
0
0
0
0
0
0
0
0
0
0
0
0
0
0
0
0
0
0
0
0
0
0
0
0
0
0
0
0
0
0
0
0
0
0
0
0
0
0
0
0
0
0
0
0
0
0
0
0
0
0
0
0
0
0
0
0
0
0
0
0
0
0
0
0
0
0
0
0
0
0
0
0
0
0
0
0
0
0
0
0
0
0
0
0
0
0
0
0
0
0
0
0
0
0
0
0
0
0
0
0
0
0
0
0
0
0
0
0
0
0
0
0
0
0
0
0
0
0
0
0
0
0
0
0
0
0
0
0
0
0
0
0
0
0
0
0
0
0
0
0
0
0
0
0
0
0
0
0
0
0
0
0
0
0
0
0
0
0
0
0
0
0
0
0
0
0
0
0
0
0
0
0
0
0
0
0
0
0
0
0
0
0
0
0
0
0
0
0
0
0
0
0
0
0
0
0
0
0
0
0
0
0
0
0
0
0
0
0
0
0
0
0
0
0
0
0
0
0
0
0
0
0
0
0
0
0
0
0
0
0
0
0
0
0
0
0
0
0
0
0
0
0
0
0
0
0
0
0
0
0
0
0
0
0
0
0
0
0
0
0
0
0
0
0
0
0
0
0
0
0
0
0
0
0
0
0
0
0
0
0
0
0
0
0
0
0
0
0
0
0
0
0
0
0
0
0
0
0
0
0
0
0
0
0
0
0
0
0
0
0
0
0
0
0
0
0
0
0
0
0
0
0
0
0
0
0
0
0
0
0
0
0
0
0
0
0
0
0
0
0
0
0
0
0
0
0
0
0
0
0
0
0
0
0
0
0
0
0
0
0
0
0
0
0
0
0
0
0
0
0
0
0
0
0
0
0
0
0
0
0
0
0
0
0
0
0
0
0
0
0
0
0
0
0
0
0
0
0
0
0
0
0
0
0
0
0
0
0
0
0
0
0
0
0
0
0
0
0
0
0
0
0
0
0
0
0
0
0
0
0
0
0
0
0
0
0
0
0
0
0
0
0
0
0
0
0
0
0
0
0
0
0
0
0
0
0
0
0
0
0
0
0
0
0
0
0
0
0
0
0
0
0
0
0
0
0
0
0
0
0
0
0
0
0
0
0
0
0
0
0
0
0
0
0
0
0
0
0
0
0
0
0
0
0
0
0
0
0
0
0
0
0
0
0
0
0
0
0
0
0
0
0
0
0
0
0
0
0
0
0
0
0
0
0
0
0
0
0
0
0
0
0
0
0
0
0
0
0
0
0
0
0
0
0
0
0
0
0
0
0
0
0
0
0
0
0
0
0
0
0
0
0
0
0
0
0
0
0
0
0
0
0
0
0
0
0
0
0
0
0
0
0
0
0
0
0
0
0
0
0
0
0
0
0
0
0
0
0
0
0
0
0
0
0
0
0
0
0
0
0
0
0
0
0
0
0
0
0
0
0
0
0
0
0
0
0
0
0
0
0
0
0
0
0
0
0
0
0
0
0
0
0
0
0
0
0
0
0
0
0
0
0
0
0
0
0
0
0
0
0
0
0
0
0
0
0
0
0
0
0
0
0
0
0
0
0
0
0
0
0
0
0
0
0
0
0
0
0
0
0
0
0
0
0
0
0
0
0
0
0
0
0
0
0
0
0
0
0
0
0
0
0
0
0
0
0
0
0
0
0
0
0
0
0
0
0
0
0
0
0
0
0
0
0
0
0
0
0
0
0
0
0
0
0
0
0
0
0
0
0
0
0
0
0
0
0
0
0
0
0
0
0
0
0
0
0
0
0
0
0
0
0
0
0
0
0
0
0
0
0
0
0
0
0
0
0
0
0
0
0
0
0
0
0
0
0
0
0
0
0
0
0
0
0
0
0
0
0
0
0
0
0
0
0
0
0
0
0
0
0
0
0
0
0
0
0
0
0
0
0
0
0
0
0
0
0
0
0
0
0
0
0
0
0
0
0
0
0
0
0
0
0
0
0
0
0
0
0
0
0
0
0
0
0
0
0
0
0
0
0
0
0
0
0
0
0
0
0
0
0
0
0
0
0
0
0
0
0
0
0
0
0
0
0
0
0
0
0
0
0
0
0
0
0
0
0
0
0
0
0
0
0
0
0
0
0
0
0
0
0
0
0
0
0
0
0
0
0
0
0
0
0
0
0
0
0
0
0
0
0
0
0
0
0
0
0
0
0
0
0
0
0
0
0
0
0
0
0
0
0
0
0
0
0
0
0
0
0
0
0
0
0
0
0
0
0
0
0
0
0
0
0
0
0
0
0
0
0
0
0
0
0
0
0
0
0
0
0
0
0
0
0
0
0
0
0
0
0
0
0
0
0
0
0
0
0
0
0
0
0
0
0
0
0
0
0
0
0
0
0
0
0
0
0
0
0
0
0
0
0
0
0
0
0
0
0
0
0
0
0
0
0
0
0
0
0
0
0
0
0
0
0
0
0
0
0
0
0
0
0
0
0
0
0
0
0
0
0
0
0
0
0
0
0
0
0
0
0
0
0
0
0
0
0
0
0
0
0
0
0
0
0
0
0
0
0
0
0
0
0
0
0
0
0
0
0
0
0
0
0
0
0
0
0
0
0
0
0
0
0
0
0
0
0
0
0
0
0
0
0
0
0
0
0
0
0
0
0
0
0
0
0
0
0
0
0
0
0
0
0
0
0
0
0
0
0
0
0
0
0
0
0
0
0
0
0
0
0
0
0
0
0
0
0
0
0
0
0
0
0
0
0
0
0
0
0
0
0
0
0
0
0
0
0
0
0
0
0
0
0
0
0
0
0
0
0
0
0
0
0
0
0
0
0
0
0
0
0
0
0
0
0
0
0
0
0
0
0
0
0
0
0
0
0
0
0
0
0
0
0
0
0
0
0
0
0
0
0
0
0
0
0
0
0
0
0
0
0
0
0
0
0
0
0
0
0
0
0
0
0
0
0
0
0
0
0
0
0
0
0
0
0
0
0
0
0
0
0
0
0
0
0
0
0
0
0
0
0
0
0
0
0
0
0
0
0
0
0
0
0
0
0
0
0
0
0
0
0
0
0
0
0
0
0
0
0
0
0
0
0
0
0
0
0
0
0
0
0
0
0
0
0
0
0
0
0
0
0
0
0
0
0
0
0
0
0
0
0
0
0
0
0
0
0
0
0
0
0
0
0
0
0
0
0
0
0
0
0
0
0
0
0
0
0
0
0
0
0
0
0
0
0
0
0
0
0
0
0
0
0
0
0
0
0
0
0
0
0
0
0
0
0
0
0
0
0
0
0
0
0
0
0
0
0
0
0
0
0
0
0
0
0
0
0
0
0
0
0
0
0
0
0
0
0
0
0
0
0
0
0
0
0
0
0
0
0
0
0
0
0
0
0
0
0
0
0
0
0
0
0
0
0
0
0
0
0
0
0
0
0
0
0
0
0
0
0
0
0
0
0
0
0
0
0
0
0
0
0
0
0
0
0
0
0
0
0
0
0
0
0
0
0
0
0
0
0
0
0
0
0
0
0
0
0
0
0
0
0
0
0
0
0
0
0
0
0
0
0
0
0
0
0
0
0
0
0
0
0
0
0
0
0
0
0
0
0
0
0
0
0
0
0
0
0
0
0
0
0
0
0
0
0
0
0
0
0
0
0
0
0
0
0
0
0
0
0
0
0
0
0
0
0
0
0
0
0
0
0
0
0
0
0
0
0
0
0
0
0
0
0
0
0
0
0
0
0
0
0
0
0
0
0
0
0
0
0
0
0
0
0
0
0
0
0
0
0
0
0
0
0
0
0
0
0
0
0
0
0
0
0
0
0
0
0
0
0
0
0
0
0
0
0
0
0
0
0
0
0
0
0
0
0
0
0
0
0
0
0
0
0
0
0
0
0
0
0
0
0
0
0
0
0
0
0
0
0
0
0
0
0
0
0
0
0
0
0
0
0
0
0
0
0
0
0
0
0
0
0
0
0
0
0
0
0
0
0
0
0
0
0
0
0
0
0
0
0
0
0
0
0
0
0
0
0
0
0
0
0
0
0
0
0
0
0
0
0
0
0
0
0
0
0
0
0
0
0
0
0
0
0
0
0
0
0
0
0
0
0
0
0
0
0
0
0
0
0
0
0
0
0
0
0
0
0
0
0
0
0
0
0
0
0
0
0
0
0
0
0
0
0
0
0
0
0
0
0
0
0
0
0
0
0
0
0
0
0
0
0
0
0
0
0
0
0
0
0
0
0
0
0
0
0
0
0
0
0
0
0
0
0
0
0
0
0
0
0
0
0
0
0
0
0
0
0
0
0
0
0
0
0
0
0
0
0
0
0
0
0
0
0
0
0
0
0
0
0
0
0
0
0
0
0
0
0
0
0
0
0
0
0
0
0
0
0
0
0
0
0
0
0
0
0
0
0
0
0
0
0
0
0
0
0
0
0
0
0
0
0
0
0
0
0
0
0
0
0
0
0
0
0
0
0
0
0
0
0
0
0
0
0
0
0
0
0
0
0
0
0
0
0
0
0
0
0
0
0
0
0
0
0
0
0
0
0
0
0
0
0
0
0
0
0
0
0
0
0
0
0
0
0
0
0
0
0
0
0
0
0
0
0
0
0
0
0
0
0
0
0
0
0
0
0
0
0
0
0
0
0
0
0
0
0
0
0
0
0
0
0
0
0
0
0
0
0
0
0
0
0
0
